0.284829860967,-1.28790949896,-0.27259856707,-0.144217432555,0.413671889302,-0.120013416198,0.140213603493,-0.982842856767,-0.666608209021,-1.45900038028,0.441051932607,-1.07556230457,4.98,001
-0.48772236467,-0.5933810131,-0.27259856707,-0.7402622069,0.194274453182,0.367166418532,0.557159875088,-0.867882504126,-0.987329484963,-0.303094148017,0.441051932607,-0.492439365735,9.14,010
-0.48772236467,-0.5933810131,-0.27259856707,-0.7402622069,1.28271368173,-0.265811760898,0.557159875088,-0.867882504126,-0.987329484963,-0.303094148017,0.39642699409,-1.20872739877,4.03,001
-0.48772236467,-1.30687771391,-0.27259856707,-0.835283837593,1.01630250929,-0.809888510633,1.07773661893,-0.752922151485,-1.10611514272,0.113032095597,0.416162839135,-1.36151682265,2.94,001
-0.48772236467,-1.30687771391,-0.27259856707,-0.835283837593,1.22857665203,-0.511179706857,1.07773661893,-0.752922151485,-1.10611514272,0.113032095597,0.441051932607,-1.02650148039,5.33,001
-0.48772236467,-1.30687771391,-0.27259856707,-0.835283837593,0.207096381267,-0.351157133406,1.07773661893,-0.752922151485,-1.10611514272,0.113032095597,0.410571016372,-1.04332233439,5.21,001
0.048772236467,-0.476653536486,-0.27259856707,-0.265154053437,-0.388410945345,-0.0702286155687,0.839243922021,-0.523001446204,-0.577518965704,-1.50523662957,0.426798266742,-0.0312676184374,12.43,010
0.048772236467,-0.476653536486,-0.27259856707,-0.265154053437,-0.160465557168,0.978808254835,1.02463788613,-0.523001446204,-0.577518965704,-1.50523662957,0.441051932607,0.910700205831,19.15,001
0.048772236467,-0.476653536486,-0.27259856707,-0.265154053437,-0.931205900941,1.11749448516,1.08719646479,-0.523001446204,-0.577518965704,-1.50523662957,0.328447972271,2.42177359059,29.93,100
0.048772236467,-0.476653536486,-0.27259856707,-0.265154053437,-0.399808214754,0.616090421678,1.32963472555,-0.523001446204,-0.577518965704,-1.50523662957,0.32932512094,0.623343949915,17.1,010
0.048772236467,-0.476653536486,-0.27259856707,-0.265154053437,0.131589471433,0.914799225454,1.2129791389,-0.523001446204,-0.577518965704,-1.50523662957,0.393028042999,1.09292612422,20.45,100
0.048772236467,-0.476653536486,-0.27259856707,-0.265154053437,-0.392684921374,0.509408706044,1.15593484225,-0.523001446204,-0.577518965704,-1.50523662957,0.441051932607,0.0864783595961,13.27,010
0.048772236467,-0.476653536486,-0.27259856707,-0.265154053437,-0.563643962506,-1.0517003994,0.787143464414,-0.523001446204,-0.577518965704,-1.50523662957,0.370880039116,0.428502391027,15.71,010
-0.48772236467,-0.437258013128,-0.27259856707,-0.144217432555,-0.47816444194,-0.240919360584,0.433754046669,-0.637961798844,-0.601276097255,1.17646582928,0.441051932607,-0.615792295104,8.26,010
-0.48772236467,-0.437258013128,-0.27259856707,-0.144217432555,-0.268739616552,0.566305621049,0.317003386193,-0.637961798844,-0.601276097255,1.17646582928,0.255973563525,-0.335444728357,10.26,100
-0.48772236467,-0.437258013128,-0.27259856707,-0.144217432555,-0.642000189692,-0.429390391537,0.334449433585,-0.637961798844,-0.601276097255,1.17646582928,0.427017553909,-0.586355800595,8.47,010
-0.48772236467,-0.437258013128,-0.27259856707,-0.144217432555,-0.498109663405,-1.39663794662,0.334449433585,-0.637961798844,-0.601276097255,1.17646582928,0.33086013111,-0.851284251171,6.58,010
-0.48772236467,-0.437258013128,-0.27259856707,-0.144217432555,-0.41975343622,0.46673601979,0.220028081889,-0.637961798844,-0.601276097255,1.17646582928,0.329763695274,0.282721656319,14.67,100
-0.48772236467,-0.437258013128,-0.27259856707,-0.144217432555,-1.18052116926,-1.13704577191,0.000692761270578,-0.637961798844,-0.601276097255,1.17646582928,-0.742111977797,-0.134996218134,11.69,010
-0.48772236467,-0.437258013128,-0.27259856707,-0.144217432555,-0.794438668035,0.0328970428777,0.000692761270578,-0.637961798844,-0.601276097255,1.17646582928,0.375814000377,-0.192467469317,11.28,100
-0.48772236467,-0.437258013128,-0.27259856707,-0.144217432555,-1.01811008018,1.04992939859,0.00135827806482,-0.637961798844,-0.601276097255,1.17646582928,0.21814652719,1.17282518074,21.02,100
-0.48772236467,-0.437258013128,-0.27259856707,-0.144217432555,-0.455369903122,0.733440308876,0.103277421412,-0.637961798844,-0.601276097255,1.17646582928,0.393137686583,0.164975678285,13.83,010
-0.48772236467,-0.437258013128,-0.27259856707,-0.144217432555,-0.203205317452,0.822341738571,0.0864493539006,-0.637961798844,-0.601276097255,1.17646582928,0.441051932607,0.85042547898,18.72,100
-0.48772236467,-0.437258013128,-0.27259856707,-0.144217432555,-0.67191802189,1.11749448516,0.142685523014,-0.637961798844,-0.601276097255,1.17646582928,0.415176046882,1.01302706769,19.88,100
-0.48772236467,-0.437258013128,-0.27259856707,-0.144217432555,-0.513780908842,0.907687111079,0.287387888849,-0.637961798844,-0.601276097255,1.17646582928,0.412873531627,0.511204923217,16.3,100
-0.48772236467,-0.437258013128,-0.27259856707,-0.144217432555,-0.976794978576,0.608978307303,0.31353319148,-0.637961798844,-0.601276097255,1.17646582928,-0.583896286692,0.540641417725,16.51,100
-0.48772236467,-0.437258013128,-0.27259856707,-0.144217432555,-0.67191802189,0.772556937942,0.421632133631,-0.637961798844,-0.601276097255,1.17646582928,0.221545478281,0.302345985991,14.81,100
-0.48772236467,-0.437258013128,-0.27259856707,-0.144217432555,-0.338547891682,0.719216080125,0.312962748514,-0.637961798844,-0.601276097255,1.17646582928,-0.551441785953,0.648575230923,17.28,100
-0.48772236467,-0.437258013128,-0.27259856707,-0.144217432555,0.299699195213,0.918355282642,0.313580728394,-0.637961798844,-0.601276097255,1.17646582928,0.34281128172,0.0205966814107,12.8,100
-0.48772236467,-0.437258013128,-0.27259856707,-0.144217432555,0.554713098236,0.665875222308,0.211043605166,-0.637961798844,-0.601276097255,1.17646582928,0.25827607878,-0.0943458209554,11.98,010
-0.48772236467,-0.437258013128,-0.27259856707,-0.144217432555,-0.814383889501,0.907687111079,0.208191390334,-0.637961798844,-0.601276097255,1.17646582928,0.0383310501203,1.39429975847,22.6,100
-0.48772236467,-0.437258013128,-0.27259856707,-0.144217432555,-0.302931424779,1.11749448516,0.180619980286,-0.637961798844,-0.601276097255,1.17646582928,0.219900824528,0.0542383894202,13.04,100
-0.48772236467,-0.437258013128,-0.27259856707,-0.144217432555,-0.476739783264,0.477404191354,0.0926766896182,-0.637961798844,-0.601276097255,1.17646582928,-1.3603921456,2.11058779151,27.71,100
-0.48772236467,-0.437258013128,-0.27259856707,-0.144217432555,-0.831479793614,0.939691625769,-0.00372817171977,-0.637961798844,-0.601276097255,1.17646582928,0.0229809484192,0.798561179132,18.35,100
-0.48772236467,-0.437258013128,-0.27259856707,-0.144217432555,-0.268739616552,1.00725671234,-0.0167532861214,-0.637961798844,-0.601276097255,1.17646582928,-1.1881420758,1.07750700804,20.34,100
-0.48772236467,-0.755340386903,-0.27259856707,-0.481112305011,-0.500958980757,-0.0133317005638,-0.206663257051,-0.523001446204,-0.767576018114,0.344213342049,0.441051932607,-0.416745522714,9.68,010
-0.48772236467,-0.755340386903,-0.27259856707,-0.481112305011,-0.632027578959,-0.255143589335,-0.198296760209,-0.523001446204,-0.767576018114,0.344213342049,0.229001241965,-0.174244877478,11.41,010
-0.48772236467,-0.755340386903,-0.27259856707,-0.481112305011,-0.619205650874,-0.962798969709,0.0661510916761,-0.523001446204,-0.767576018114,0.344213342049,0.441051932607,-0.544303665583,8.77,010
-0.48772236467,-0.755340386903,-0.27259856707,-0.481112305011,-0.453945244446,-1.36463343193,0.0248415135189,-0.523001446204,-0.767576018114,0.344213342049,0.403005609105,-0.353667320196,10.13,001
2.73124524215,-1.19452751767,-0.27259856707,-1.09443373948,0.442165062824,-1.66334223571,0.763470081305,-0.752922151485,-0.927936656085,-0.0719129015644,0.427127197492,-1.16807700159,4.32,001
2.73124524215,-1.19452751767,-0.27259856707,-1.09443373948,1.05334363487,-1.87670566698,0.763470081305,-0.752922151485,-0.927936656085,-0.0719129015644,0.427017553909,-1.49608365469,1.98,001
-0.48772236467,-0.616726508423,-0.27259856707,-0.921667138223,0.691480331142,-2.3354370442,0.915493131876,-0.752922151485,-1.04078303095,-0.256857898726,0.315071455074,-1.09518663424,4.84,001
-0.48772236467,-0.616726508423,-0.27259856707,-0.921667138223,-0.164739533197,-2.20386292825,0.915493131876,-0.752922151485,-1.04078303095,-0.256857898726,0.292704164024,-0.959218064368,5.81,001
-0.48772236467,-0.616726508423,-0.27259856707,-0.921667138223,-0.1049038688,-2.20741898544,0.915493131876,-0.752922151485,-1.04078303095,-0.256857898726,0.414298898214,-0.73073479747,7.44,001
-0.48772236467,-0.616726508423,-0.27259856707,-0.921667138223,-0.307205400807,-1.01613982753,0.915493131876,-0.752922151485,-1.04078303095,-0.256857898726,0.358709601339,-0.434968114552,9.55,010
-0.48772236467,-0.616726508423,-0.27259856707,-0.921667138223,-0.85854830846,-1.23661537317,0.620526581283,-0.752922151485,-1.04078303095,-0.256857898726,0.441051932607,-0.342453417526,10.21,010
-0.48772236467,-0.616726508423,-0.27259856707,-0.921667138223,-0.710383806145,-1.25439565911,0.620526581283,-0.752922151485,-1.04078303095,-0.256857898726,0.441051932607,0.209831288965,14.15,010
-0.48772236467,-0.616726508423,-0.27259856707,-0.921667138223,-0.362767089175,0.601866192927,0.900519004005,-0.752922151485,-1.04078303095,-0.256857898726,0.395440201838,0.86163938165,18.8,100
-0.48772236467,-0.616726508423,-0.27259856707,-0.921667138223,-1.2617267138,0.950359797332,0.986370670463,-0.752922151485,-1.04078303095,-0.256857898726,0.441051932607,2.54512651996,30.81,100
-0.48772236467,-0.616726508423,-0.27259856707,-0.921667138223,-0.972521002548,-0.233807246208,1.08985853197,-0.752922151485,-1.04078303095,-0.256857898726,0.441051932607,0.49718754488,16.2,010
0.41358856524,-0.802031377549,-0.27259856707,-0.99941210879,-0.458219220474,-0.813444567821,1.43545189584,-0.637961798844,-0.981390202075,-0.765456640921,0.426359692407,0.111709640603,13.45,010
0.41358856524,-0.802031377549,-0.27259856707,-0.99941210879,-0.241671101706,-0.19824667433,1.43545189584,-0.637961798844,-0.981390202075,-0.765456640921,0.408926362618,-0.451788968557,9.43,010
0.41358856524,-0.802031377549,-0.27259856707,-0.99941210879,0.322493734031,-1.68823463602,1.43545189584,-0.637961798844,-0.981390202075,-0.765456640921,0.441051932607,-1.03351016956,5.28,001
0.41358856524,-0.802031377549,-0.27259856707,-0.99941210879,-0.408356166811,-1.67756646446,1.43545189584,-0.637961798844,-0.981390202075,-0.765456640921,0.441051932607,-0.59196275193,8.43,010
2.73124524215,-1.04132270461,-0.27259856707,-1.24992368062,-0.565068621182,-0.745879481252,1.67551331091,-0.752922151485,0.360887730571,1.22270207857,0.441051932607,0.300944248157,14.8,010
3.37503876352,-1.44695068585,-0.27259856707,-1.31039199106,1.373891837,-1.65978617852,2.33004907805,-0.523001446204,-1.08235801117,-0.256857898726,0.430416505,-1.09939184774,4.81,001
3.16044092306,-1.51698717181,-0.27259856707,-1.24992368062,0.14013742349,-1.1690502866,2.56345532517,-0.867882504126,-0.565640399928,-0.534275394469,0.441051932607,-0.964825015703,5.77,001
3.80423444443,-1.43235975127,-0.27259856707,-1.24128535055,0.757014630243,-0.998359541587,2.15330683226,-0.523001446204,-0.904179524534,-1.55147287886,0.397194499175,-1.21994130144,3.95,001
0.585266837604,-0.876445143891,-0.27259856707,-0.878475487908,-0.198931341423,-1.40019400381,1.9108685715,-0.178120388281,-0.737879603675,0.575394588502,0.372853623621,-0.812035591826,6.86,010
0.585266837604,-0.876445143891,-0.27259856707,-0.878475487908,-0.509506932814,-0.760103710004,1.49121269581,-0.178120388281,-0.737879603675,0.575394588502,0.441051932607,-0.481225463065,9.22,010
0.585266837604,-0.876445143891,-0.27259856707,-0.878475487908,-0.77449344657,-0.08445284432,1.63068600112,-0.178120388281,-0.737879603675,0.575394588502,0.421425731146,0.0696575055913,13.15,100
0.585266837604,-0.876445143891,-0.27259856707,-0.878475487908,-0.453945244446,0.882794710764,1.43725829857,-0.178120388281,-0.737879603675,0.575394588502,0.234702708311,0.250481686143,14.44,100
0.585266837604,-0.876445143891,-0.27259856707,-0.878475487908,0.244137506845,-0.027555929315,1.63073353804,-0.178120388281,-0.737879603675,0.575394588502,0.441051932607,-0.830258183665,6.73,010
0.585266837604,-0.876445143891,-0.27259856707,-0.878475487908,0.680083061733,-0.89523388314,1.98982738545,-0.178120388281,-0.737879603675,0.575394588502,0.426578979575,-0.441976803721,9.5,001
0.263370076922,-1.42360519052,-0.27259856707,-1.19722986723,1.16731632896,-0.322708675903,2.58023585577,-0.752922151485,-1.14175084005,0.0667958463069,0.400922381017,-0.645228789612,8.05,001
2.94584308261,-1.13324559244,-0.27259856707,-1.35358364137,0.00764416661189,-1.80558452322,1.33885688684,-0.637961798844,-0.423097610621,-1.08911038595,0.441051932607,-1.11901617741,4.67,010
2.94584308261,-1.13324559244,-0.27259856707,-1.35358364137,-0.708959147469,-1.33262891724,1.33885688684,-0.637961798844,-0.423097610621,-1.08911038595,0.441051932607,-0.338248204025,10.24,010
0.048772236467,-0.739290358869,-0.27259856707,-1.25856201068,-0.579315207943,-1.67756646446,1.2849024896,-0.637961798844,-0.375583347518,0.205504594178,0.43348652534,-0.638220100443,8.1,010
0.048772236467,-0.739290358869,-0.27259856707,-1.25856201068,-0.983918271957,-1.12993365754,1.2849024896,-0.637961798844,-0.375583347518,0.205504594178,0.441051932607,0.0612470785889,13.09,100
0.048772236467,-0.739290358869,-0.27259856707,-1.25856201068,-0.569342597211,-1.26506383067,1.2849024896,-0.637961798844,-0.375583347518,0.205504594178,0.441051932607,-0.541500189916,8.79,010
-0.48772236467,-0.0476800599265,-0.27259856707,-1.22400869043,0.188575818477,-2.20386292825,0.709373073315,-0.637961798844,-0.613154663031,0.344213342049,0.296651333033,-0.831659921498,6.72,001
-0.48772236467,-0.0476800599265,-0.27259856707,-1.22400869043,-0.461068537827,-1.81625269478,0.709373073315,-0.637961798844,-0.613154663031,0.344213342049,0.222203339783,-0.388710766039,9.88,010
-0.48772236467,-0.0476800599265,-0.27259856707,-1.22400869043,-0.312904035512,-2.161190242,0.709373073315,-0.637961798844,-0.613154663031,0.344213342049,0.375375426043,-0.999868461546,5.52,010
-0.48772236467,-0.0476800599265,-0.27259856707,-1.22400869043,-0.0564654738128,-2.21808715701,0.709373073315,-0.637961798844,-0.613154663031,0.344213342049,0.224725142205,-0.716717419132,7.54,010
-0.48772236467,0.247056818526,-0.27259856707,-1.01668876892,-0.0165750308819,-2.22519927138,0.216985719401,-0.523001446204,-0.0608013544642,0.113032095597,0.419342503058,-0.823249494496,6.78,001
-0.48772236467,0.247056818526,-0.27259856707,-1.01668876892,0.00194553190747,-0.838336968135,0.33635091014,-0.523001446204,-0.0608013544642,0.113032095597,0.291169153854,-0.52047412241,8.94,010
-0.48772236467,0.247056818526,-0.27259856707,-1.01668876892,-0.00802707882526,0.210699902268,0.122244650048,-0.523001446204,-0.0608013544642,0.113032095597,0.186240244369,-0.0957475587891,11.97,010
-0.48772236467,0.247056818526,-0.27259856707,-1.01668876892,-0.206054634804,-0.809888510633,0.140451288062,-0.523001446204,-0.0608013544642,0.113032095597,0.332066210529,-0.334042990524,10.27,010
-0.48772236467,0.247056818526,-0.27259856707,-1.01668876892,-0.0749860366022,-0.528959992796,0.579502224609,-0.523001446204,-0.0608013544642,0.113032095597,0.325926169849,-0.043883258941,12.34,010
-0.48772236467,0.247056818526,-0.27259856707,-1.01668876892,-0.585013842648,-1.13704577191,0.33635091014,-0.523001446204,-0.0608013544642,0.113032095597,0.431841871586,-0.49804631707,9.1,010
0.585266837604,-0.915840667248,-0.27259856707,-1.11171039961,0.63022000807,-1.24728354473,0.763279933649,-0.637961798844,-0.755697452338,0.251740843469,0.441051932607,-1.03210843172,5.29,001
0.585266837604,-0.915840667248,-0.27259856707,-1.11171039961,0.47635687105,0.064901557568,0.763279933649,-0.637961798844,-0.755697452338,0.251740843469,0.427127197492,-0.761573029812,7.22,001
0.585266837604,-0.915840667248,-0.27259856707,-1.11171039961,0.0247400707252,-1.29351228817,0.763279933649,-0.637961798844,-0.755697452338,0.251740843469,0.441051932607,-0.831659921498,6.72,001
0.585266837604,-0.915840667248,-0.27259856707,-1.11171039961,-0.167588850549,-0.777883995943,0.763279933649,-0.637961798844,-0.755697452338,0.251740843469,0.372415049286,-0.720922632634,7.51,010
-0.48772236467,-0.969827125183,-0.27259856707,-0.91302880816,0.148685375546,-0.731655252501,0.467933087745,-0.752922151485,-0.957633070524,0.0205595970165,0.441051932607,-0.425155949716,9.62,001
-0.48772236467,-0.969827125183,-0.27259856707,-0.91302880816,0.492028116488,-0.443614620289,0.305499453035,-0.752922151485,-0.957633070524,0.0205595970165,0.390615884161,-0.858292940339,6.53,001
-0.48772236467,-0.969827125183,-0.27259856707,-0.91302880816,-0.384136969317,-0.834780910948,0.300508077079,-0.752922151485,-0.957633070524,0.0205595970165,0.431074366501,0.0290071084131,12.86,010
-0.48772236467,-0.969827125183,-0.27259856707,-0.91302880816,-0.23312314965,-0.418722219974,-0.0225527896142,-0.752922151485,-0.957633070524,0.0205595970165,0.421864305481,-0.590561014097,8.44,010
-0.48772236467,-1.12740921861,-0.27259856707,-0.567495605641,1.02912443738,0.63031465043,-0.177475591932,-0.867882504126,-0.821029564104,-0.303094148017,0.441051932607,-1.00267193721,5.5,010
-0.48772236467,-1.12740921861,-0.27259856707,-0.567495605641,1.13169986206,-0.194690617142,-0.180898249731,-0.867882504126,-0.821029564104,-0.303094148017,0.431841871586,-0.974637180539,5.7,001
-0.48772236467,-1.12740921861,-0.27259856707,-0.567495605641,0.188575818477,-0.0880089015078,-0.334062186235,-0.867882504126,-0.821029564104,-0.303094148017,0.389300161158,-0.538696714248,8.81,010
-0.48772236467,-1.12740921861,-0.27259856707,-0.567495605641,0.171479914364,0.189363559141,-0.334157260063,-0.867882504126,-0.821029564104,-0.303094148017,0.404321332108,-0.624202722106,8.2,010
0.714025541877,0.569516472674,-0.27259856707,-0.783453857215,0.22419228538,-0.532516049984,-0.0613904482498,-0.637961798844,-0.821029564104,-0.118149150855,0.420329295311,-0.629809673441,8.16,010
0.714025541877,0.569516472674,-0.27259856707,-0.783453857215,-0.1049038688,-1.41086217537,-0.0613904482498,-0.637961798844,-0.821029564104,-0.118149150855,0.434802248343,-0.903148551019,6.21,001
0.714025541877,0.569516472674,-0.27259856707,-0.783453857215,-0.0507668391084,0.310269503527,-0.0855867374121,-0.637961798844,-0.821029564104,-0.118149150855,0.441051932607,-0.289187379844,10.59,010
-0.48772236467,-1.20328207841,-0.27259856707,-0.947582128412,0.484904823107,-0.383161648096,-0.142535960234,-0.867882504126,-0.785393866777,-0.210621649436,0.0143191053164,-0.841472086335,6.65,001
-0.48772236467,-1.20328207841,-0.27259856707,-0.947582128412,-0.173287485253,0.0364531000655,-0.142535960234,-0.867882504126,-0.785393866777,-0.210621649436,0.385462635732,-0.184057042314,11.34,010
-0.48772236467,-1.20328207841,-0.27259856707,-0.947582128412,2.5421119514,0.264040760085,-0.142535960234,-0.867882504126,-0.785393866777,-0.210621649436,0.441051932607,-1.18349611777,4.21,001
-0.48772236467,-1.20328207841,-0.27259856707,-0.947582128412,2.18737194105,-1.12637760035,-0.142535960234,-0.867882504126,-0.785393866777,-0.210621649436,0.404102044941,-1.27320733912,3.57,001
-0.48772236467,-1.20328207841,-0.27259856707,-0.947582128412,1.61180983591,-0.216026960269,-0.142535960234,-0.867882504126,-0.785393866777,-0.210621649436,0.441051932607,-0.905952026686,6.19,001
-0.48772236467,-0.375976087905,-0.27259856707,-0.299707373689,0.63022000807,0.40272699041,-0.483565780371,-0.523001446204,-0.143951314894,1.13022957999,0.417588205721,-0.453190706391,9.42,001
-0.48772236467,-0.375976087905,-0.27259856707,-0.299707373689,0.707151576579,0.0969060722583,-0.446344376807,-0.523001446204,-0.143951314894,1.13022957999,0.426578979575,-0.698494827294,7.67,001
-0.48772236467,-0.375976087905,-0.27259856707,-0.299707373689,0.171479914364,0.598310135739,-0.513561573026,-0.523001446204,-0.143951314894,1.13022957999,-3.13442532791,-0.283580428509,10.63,100
-0.48772236467,-0.375976087905,-0.27259856707,-0.299707373689,-0.210328610832,0.669431279496,-0.513561573026,-0.523001446204,-0.143951314894,1.13022957999,0.414408541797,0.11030790277,13.44,010
-0.48772236467,-0.375976087905,-0.27259856707,-0.299707373689,-0.167588850549,0.761888766379,-0.653177489076,-0.523001446204,-0.143951314894,1.13022957999,0.39489198392,-0.0452849967747,12.33,010
-0.48772236467,-0.375976087905,-0.27259856707,-0.299707373689,-0.617780992198,1.00014459796,-0.802490935557,-0.523001446204,-0.143951314894,1.13022957999,0.409803511287,0.53503446639,16.47,010
-0.48772236467,-0.375976087905,-0.27259856707,-0.299707373689,-0.63915087234,0.829453852947,-0.753005008213,-0.523001446204,-0.143951314894,1.13022957999,0.427565771827,0.842015051978,18.66,010
-0.48772236467,-0.375976087905,-0.27259856707,-0.299707373689,-0.224575197593,0.591198021364,-0.795122713906,-0.523001446204,-0.143951314894,1.13022957999,0.340070192131,0.201420861962,14.09,010
-0.48772236467,-0.375976087905,-0.27259856707,-0.299707373689,0.269781363015,1.01436882671,-0.647520596325,-0.523001446204,-0.143951314894,1.13022957999,0.422851097733,-0.0536954237771,12.27,010
-0.48772236467,-0.375976087905,-0.27259856707,-0.299707373689,-0.0792600126305,0.804561452632,-0.594184178958,-0.523001446204,-0.143951314894,1.13022957999,0.378884020718,0.406074585687,15.55,010
-0.48772236467,-0.375976087905,-0.27259856707,-0.299707373689,-0.127698407618,-0.504067592481,-0.483565780371,-0.523001446204,-0.143951314894,1.13022957999,0.403663470606,0.0486314380853,13.0,010
-0.48772236467,-0.164407536541,-0.27259856707,-0.0664724619885,0.613124103956,0.463179962603,-0.531245304988,-0.408041093563,0.141134263721,-0.303094148017,0.426688623158,-0.349462106695,10.16,010
-0.48772236467,-0.164407536541,-0.27259856707,-0.0664724619885,-0.52945215428,0.865014424825,-0.685312442856,-0.408041093563,0.141134263721,-0.303094148017,0.419671433809,0.498589282713,16.21,100
-0.48772236467,-0.164407536541,-0.27259856707,-0.0664724619885,-0.274438251257,0.95391585452,-0.592805608456,-0.408041093563,0.141134263721,-0.303094148017,0.441051932607,0.621942212082,17.09,100
-0.48772236467,-0.164407536541,-0.27259856707,-0.0664724619885,-0.0436435457279,0.555637449486,-0.7313757124,-0.408041093563,0.141134263721,-0.303094148017,0.351582768406,-0.308811709516,10.45,100
-0.48772236467,-0.164407536541,-0.27259856707,-0.0664724619885,-0.508082274138,0.697879736998,-0.633164448335,-0.408041093563,0.141134263721,-0.303094148017,-0.128985058422,0.435511080195,15.76,100
-0.48772236467,-0.164407536541,-0.27259856707,-0.0664724619885,-0.154766922464,0.139578758512,-0.50624088829,-0.408041093563,0.141134263721,-0.303094148017,0.401580242518,-0.085935393953,12.04,010
-0.48772236467,-0.164407536541,-0.27259856707,-0.0664724619885,-0.37558901726,0.498740534481,-0.498017002189,-0.408041093563,0.141134263721,-0.303094148017,0.414847116132,-0.329837777022,10.3,010
-0.48772236467,-0.164407536541,-0.27259856707,-0.0664724619885,-0.58786316,0.160915101639,-0.626319132737,-0.408041093563,0.141134263721,-0.303094148017,-0.19784122891,0.38084330468,15.37,010
-0.48772236467,-0.164407536541,-0.27259856707,-0.0664724619885,-0.788740033331,-0.120013416198,-0.492407646352,-0.408041093563,0.141134263721,-0.303094148017,0.381844397474,0.134137445943,13.61,010
-0.48772236467,2.11761463128,-0.27259856707,0.227230760153,-0.590712477352,0.0400091572534,-0.730805269434,-0.867882504126,-1.3080507609,0.297977092759,0.356078155333,0.240669521307,14.37,010
-0.48772236467,2.11761463128,-0.27259856707,0.227230760153,-0.399808214754,0.552081392298,-0.7594700285,-0.867882504126,-1.3080507609,0.297977092759,0.230207321384,0.226652142969,14.27,010
-0.48772236467,2.11761463128,-0.27259856707,0.227230760153,-0.461068537827,0.865014424825,-0.811998318332,-0.867882504126,-1.3080507609,0.297977092759,0.234812351894,0.739688190115,17.93,010
-0.48772236467,2.11761463128,-0.27259856707,0.227230760153,-0.610657698818,1.01081276953,-0.879738420603,-0.867882504126,-1.3080507609,0.297977092759,0.14950964387,1.78818808975,25.41,100
-0.48772236467,2.11761463128,-0.27259856707,0.227230760153,-0.577890549267,0.968140083271,-0.850313070915,-0.867882504126,-1.3080507609,0.297977092759,0.248956374176,0.690627365935,17.58,100
-0.48772236467,2.11761463128,-0.27259856707,0.227230760153,-0.425452070924,0.704991851374,-0.856683017374,-0.867882504126,-1.3080507609,0.297977092759,0.310795355315,0.302345985991,14.81,010
-0.48772236467,2.11761463128,-0.27259856707,0.227230760153,-0.956849757111,0.961027968896,-0.968727523377,-0.867882504126,-1.3080507609,0.297977092759,0.0286824147653,2.04750958899,27.26,100
-0.48772236467,1.56899549119,-0.27259856707,0.59867895286,-0.842877063023,0.975252197647,-0.953943543162,-0.637961798844,0.170830678161,1.26893832786,0.388532656073,0.635959590419,17.19,100
-0.48772236467,1.56899549119,-0.27259856707,0.59867895286,0.208521039943,1.07482179891,-0.942439610004,-0.637961798844,0.170830678161,1.26893832786,0.441051932607,0.383646780347,15.39,100
-0.48772236467,1.56899549119,-0.27259856707,0.59867895286,-0.922657948885,0.929023454206,-0.862862816178,-0.637961798844,0.170830678161,1.26893832786,0.441051932607,0.797159441298,18.34,100
-0.48772236467,1.56899549119,-0.27259856707,0.59867895286,0.246986824197,1.07837785609,-0.796976653547,-0.637961798844,0.170830678161,1.26893832786,0.420658226061,-0.00743807526397,12.6,010
-0.48772236467,1.56899549119,-0.27259856707,0.59867895286,0.0589318789517,1.03570516984,-0.724482859889,-0.637961798844,0.170830678161,1.26893832786,0.441051932607,-0.0550971616109,12.26,010
-0.48772236467,1.56899549119,-0.27259856707,0.59867895286,0.124466178052,1.04281728422,-0.697672040463,-0.637961798844,0.170830678161,1.26893832786,0.3189089805,-0.214895274656,11.12,010
-0.48772236467,1.56899549119,-0.27259856707,0.59867895286,-0.659096093805,0.95391585452,-0.629931938192,-0.637961798844,0.170830678161,1.26893832786,0.351034550488,0.333184218333,15.03,100
-0.48772236467,1.56899549119,-0.27259856707,0.59867895286,-0.751698907752,1.06059757015,-0.688830174482,-0.637961798844,0.170830678161,1.26893832786,-1.02970709753,0.652780444424,17.31,100
-0.48772236467,1.56899549119,-0.27259856707,0.59867895286,0.0717538070366,1.05348545578,-0.80068453283,-0.637961798844,0.170830678161,1.26893832786,0.416601413469,0.603719620243,16.96,100
-0.48772236467,1.56899549119,-0.27259856707,0.59867895286,-0.488137052673,0.886350767952,-0.869042614982,-0.637961798844,0.170830678161,1.26893832786,0.236566649232,0.595309193241,16.9,100
-0.48772236467,1.56899549119,-0.27259856707,0.59867895286,0.241288189493,1.06059757015,-0.924708341129,-0.637961798844,0.170830678161,1.26893832786,0.410132442038,0.271507753649,14.59,100
-0.48772236467,1.56899549119,-0.27259856707,0.59867895286,-0.609233040141,1.05348545578,-1.01084522907,-0.637961798844,0.170830678161,1.26893832786,0.387765150988,1.21487731575,21.32,100
-0.48772236467,1.56899549119,-0.27259856707,0.59867895286,-0.190383389367,1.04281728422,-1.01079769216,-0.637961798844,0.170830678161,1.26893832786,0.441051932607,0.813980295303,18.46,100
-0.48772236467,1.56899549119,-0.27259856707,0.59867895286,-0.157616239816,0.88990682514,-1.03779865924,-0.637961798844,0.170830678161,1.26893832786,0.34434629189,1.61297086053,24.16,100
-0.48772236467,1.56899549119,-0.27259856707,0.59867895286,-1.80309701072,1.11749448516,-1.11979983567,-0.637961798844,0.170830678161,1.26893832786,0.441051932607,3.04975214011,34.41,100
-0.48772236467,1.23194490246,3.66839785971,2.73234647841,-1.25602807909,1.11749448516,-1.17579832022,-0.523001446204,-0.0311049400251,-1.73641787602,0.441051932607,1.9858331243,26.82,100
-0.48772236467,1.23194490246,-0.27259856707,2.73234647841,-1.16342526515,1.11749448516,-1.1329200239,-0.523001446204,-0.0311049400251,-1.73641787602,0.441051932607,1.92976361095,26.42,100
-0.48772236467,1.23194490246,-0.27259856707,2.73234647841,-1.96835741715,1.03926122703,-1.16424685014,-0.523001446204,-0.0311049400251,-1.73641787602,0.441051932607,2.33206236923,29.29,100
-0.48772236467,1.23194490246,-0.27259856707,2.73234647841,-0.220301221565,1.11749448516,-1.12944982919,-0.523001446204,-0.0311049400251,-1.73641787602,-2.01485469599,2.12320343201,27.8,100
-0.48772236467,1.23194490246,-0.27259856707,2.73234647841,-0.935479876969,1.11749448516,-1.08310133816,-0.523001446204,-0.0311049400251,-1.73641787602,-2.05476496041,0.560265747398,16.65,100
-0.48772236467,1.23194490246,-0.27259856707,2.73234647841,-1.93559026759,0.964584026084,-1.1096269361,-0.523001446204,-0.0311049400251,-1.73641787602,0.384146912729,2.36570407724,29.53,100
-0.48772236467,1.23194490246,-0.27259856707,2.73234647841,-1.56517901181,0.897018939515,-1.07692153936,-0.523001446204,-0.0311049400251,-1.73641787602,0.00346439054204,2.19609379936,28.32,100
-0.48772236467,1.23194490246,-0.27259856707,2.73234647841,-0.979644295929,0.936135568581,-1.078775479,-0.523001446204,-0.0311049400251,-1.73641787602,-0.0528924114177,1.23309990759,21.45,100
-0.48772236467,1.23194490246,-0.27259856707,2.73234647841,-0.231698490974,1.02148094109,-1.03489890749,-0.523001446204,-0.0311049400251,-1.73641787602,0.176810896181,0.202822599796,14.1,010
-0.48772236467,1.23194490246,-0.27259856707,2.73234647841,-1.25460342042,1.11749448516,-1.04744865275,-0.523001446204,-0.0311049400251,-1.73641787602,-0.165277084587,0.0878800974298,13.28,010
-0.48772236467,1.23194490246,3.66839785971,2.73234647841,-1.81306962145,0.690767622622,-1.03860678677,-0.523001446204,-0.0311049400251,-1.73641787602,-0.146856962545,-0.0747214912831,12.12,100
-0.48772236467,1.23194490246,-0.27259856707,2.73234647841,-0.820082524205,1.06415362734,-1.03242698797,-0.523001446204,-0.0311049400251,-1.73641787602,-1.0385882278,0.439716293697,15.79,010
-0.48772236467,1.23194490246,3.66839785971,2.73234647841,-0.221725880241,0.975252197647,-0.972435402659,-0.523001446204,-0.0311049400251,-1.73641787602,-0.390923579593,0.345799858837,15.12,100
-0.48772236467,1.23194490246,3.66839785971,2.73234647841,-0.188958730691,0.498740534481,-0.9742893423,-0.523001446204,-0.0311049400251,-1.73641787602,-2.94572872057,0.331782480499,15.02,100
-0.48772236467,1.23194490246,-0.27259856707,2.73234647841,-1.44265836566,0.904131053891,-0.978615201463,-0.523001446204,-0.0311049400251,-1.73641787602,-2.93893081839,0.488777117877,16.14,100
-0.48772236467,1.23194490246,-0.27259856707,0.434550681664,0.937946282108,1.02503699828,-0.911635689813,-0.523001446204,-0.0311049400251,-1.73641787602,0.0740748583671,-1.13023008008,4.59,001
-0.48772236467,1.23194490246,-0.27259856707,0.434550681664,-0.311479376836,1.11749448516,-0.968679986463,-0.523001446204,-0.0311049400251,-1.73641787602,-0.0305251203675,-0.872310318677,6.43,001
-0.48772236467,1.23194490246,-0.27259856707,2.73234647841,0.321069075355,1.11749448516,-0.96459181187,-0.523001446204,-0.0311049400251,-1.73641787602,0.0837234937221,-0.737743486638,7.39,010
-0.48772236467,1.23194490246,3.66839785971,0.434550681664,-0.0493421804323,0.854346253262,-0.949142314861,-0.523001446204,-0.0311049400251,-1.73641787602,-0.194661564986,-1.00267193721,5.5,001
-0.48772236467,1.23194490246,-0.27259856707,0.434550681664,1.71580991926,0.790337223881,-0.867141138427,-0.523001446204,-0.0311049400251,-1.73641787602,0.194682800304,-1.53112710053,1.73,001
-0.48772236467,1.23194490246,3.66839785971,0.434550681664,2.16172808488,1.05348545578,-0.833960372542,-0.523001446204,-0.0311049400251,-1.73641787602,0.361121760178,-1.50449408169,1.92,001
-0.48772236467,1.23194490246,3.66839785971,0.434550681664,2.97805750629,0.900574996703,-0.776298096012,-0.523001446204,-0.0311049400251,-1.73641787602,0.348403104483,-1.30825078497,3.32,001
-0.48772236467,1.23194490246,-0.27259856707,0.434550681664,-0.61350701617,0.825897795759,-0.652702119938,-0.523001446204,-0.0311049400251,-1.73641787602,0.421425731146,-0.142004907302,11.64,010
-0.48772236467,1.23194490246,-0.27259856707,0.434550681664,-0.261616323172,0.868570482013,-0.718588282568,-0.523001446204,-0.0311049400251,-1.73641787602,-1.27750159641,-0.398522930875,9.81,001
-0.48772236467,1.23194490246,-0.27259856707,0.434550681664,2.34265973675,0.982364312023,-0.831488453021,-0.523001446204,-0.0311049400251,-1.73641787602,0.138435641928,-1.25498474729,3.7,001
-0.48772236467,1.23194490246,-0.27259856707,0.434550681664,-0.580739866619,0.377834590095,-0.650848180297,-0.523001446204,-0.0311049400251,-1.73641787602,-1.41510429381,-0.0719180156157,12.14,001
-0.48772236467,1.23194490246,-0.27259856707,0.434550681664,0.0489592682189,0.978808254835,-0.805770982614,-0.523001446204,-0.0311049400251,-1.73641787602,-0.653300675098,-0.217698750324,11.1,001
-0.48772236467,1.23194490246,-0.27259856707,0.434550681664,0.167205938336,0.946803740145,-0.728523497568,-0.523001446204,-0.0311049400251,-1.73641787602,-0.292025067204,-0.186860517982,11.32,010
-0.48772236467,1.23194490246,-0.27259856707,0.434550681664,-0.583589183972,0.925467397018,-0.650848180297,-0.523001446204,-0.0311049400251,-1.73641787602,-0.705929595216,0.249079948309,14.43,100
-0.48772236467,1.23194490246,-0.27259856707,0.434550681664,-0.576465890591,1.02148094109,-0.668531912258,-0.523001446204,-0.0311049400251,-1.73641787602,-0.0936798245092,-0.0873371317867,12.03,010
-0.48772236467,-1.03402723732,-0.27259856707,-0.386090674319,-1.01526076283,0.708547908561,-0.569940352882,-0.523001446204,-0.666608209021,-0.857929139502,0.441051932607,0.285525131986,14.69,010
-0.48772236467,-1.03402723732,-0.27259856707,-0.386090674319,0.187151159801,0.552081392298,-0.546076822117,-0.523001446204,-0.666608209021,-0.857929139502,0.425701830906,-0.506456744073,9.04,010
-0.48772236467,-1.03402723732,-0.27259856707,-0.386090674319,-0.606383722789,0.00444858537526,-0.519646298002,-0.523001446204,-0.666608209021,-0.857929139502,0.400812737433,-0.422352474049,9.64,010
-0.48772236467,-1.03402723732,-0.27259856707,-0.386090674319,0.372356787695,-1.26150777348,-0.315047420685,-0.523001446204,-0.666608209021,-0.857929139502,0.375923643961,-1.02650148039,5.33,001
-0.48772236467,-1.03402723732,-0.27259856707,-0.386090674319,-0.377013675936,-0.760103710004,-0.114156422651,-0.523001446204,-0.666608209021,-0.857929139502,0.400812737433,-0.356470795863,10.11,010
-0.48772236467,-1.03402723732,-0.27259856707,-0.386090674319,0.0432606335145,0.171583273202,-0.227009056189,-0.523001446204,-0.666608209021,-0.857929139502,0.426798266742,-0.891934648349,6.29,001
-0.48772236467,-1.03402723732,-0.27259856707,-0.386090674319,0.819699611992,0.20714384508,-0.418202523794,-0.523001446204,-0.666608209021,-0.857929139502,0.379322595052,-0.803625164824,6.92,001
-0.48772236467,-1.26602309709,-0.27259856707,-0.576133935704,0.990658653124,-0.361825304969,-0.459226880467,-0.752922151485,-1.27835434647,-0.303094148017,0.441051932607,-1.06715187757,5.04,001
-0.48772236467,-1.26602309709,-0.27259856707,-0.576133935704,2.10901571387,0.523632934795,-0.501059364677,-0.752922151485,-1.27835434647,-0.303094148017,0.426359692407,-0.713913943465,7.56,001
-0.48772236467,-1.26602309709,-0.27259856707,-0.576133935704,-0.200356000099,-0.226695131832,-0.569084688432,-0.752922151485,-1.27835434647,-0.303094148017,0.441051932607,-0.44898549289,9.45,001
-0.48772236467,-1.26602309709,-0.27259856707,-0.576133935704,1.23997392144,0.84012202451,-0.520264277883,-0.752922151485,-1.27835434647,-0.303094148017,0.410571016372,-1.09799010991,4.82,001
-0.48772236467,-1.26602309709,-0.27259856707,-0.576133935704,0.396575985188,0.961027968896,-0.45067023597,-0.752922151485,-1.27835434647,-0.303094148017,0.441051932607,-0.977440656207,5.68,001
-0.48772236467,-1.26602309709,-0.27259856707,-0.576133935704,-0.969671685196,0.754776652003,-0.383690724321,-0.752922151485,-1.27835434647,-0.303094148017,0.376362218295,0.186001745791,13.98,001
-0.48772236467,-1.26602309709,-0.27259856707,-0.576133935704,-0.187534072014,0.00800464256307,-0.244978009634,-0.752922151485,-1.27835434647,-0.303094148017,0.333710864283,0.0696575055913,13.15,001
-0.48772236467,-1.26602309709,-0.27259856707,-0.576133935704,2.20304318649,-0.532516049984,-0.283245225303,-0.752922151485,-1.27835434647,-0.303094148017,0.394234122419,-1.14985440976,4.45,001
1.44365819942,-1.12303193824,-0.27259856707,-1.01668876892,0.708576235255,-0.97702319846,-0.00306265492553,-0.523001446204,-0.0608013544642,-1.50523662957,0.407829926783,-0.837266872833,6.68,001
1.44365819942,-1.12303193824,-0.27259856707,-1.01668876892,0.386603374456,-1.403750061,0.366822071934,-0.523001446204,-0.0608013544642,-1.50523662957,0.286893054095,-1.13443529358,4.56,001
1.44365819942,-1.12303193824,-0.27259856707,-1.01668876892,1.28271368173,-1.05525645659,0.366822071934,-0.523001446204,-0.0608013544642,-1.50523662957,0.441051932607,-1.01809105338,5.39,001
1.44365819942,-1.12303193824,-0.27259856707,-1.01668876892,0.949343551517,-1.67401040727,1.27625077127,-0.523001446204,-0.0608013544642,-1.50523662957,0.230316964968,-1.05874145056,5.1,001
1.44365819942,-1.12303193824,-0.27259856707,-1.01668876892,0.647315912183,-1.3432970888,1.27625077127,-0.523001446204,-0.0608013544642,-1.50523662957,0.362218196014,-1.11621270175,4.69,001
1.44365819942,-1.12303193824,-0.27259856707,-1.01668876892,1.27274107099,-1.50331966226,1.27625077127,-0.523001446204,-0.0608013544642,-1.50523662957,0.370770395533,-1.37132898749,2.87,001
2.08745172079,-1.19744570458,-0.27259856707,-1.32766865118,0.734220091425,-2.08651304106,1.15255972137,-0.982842856767,-0.850725978543,-1.32029163241,0.402347747604,-1.0685536154,5.03,001
2.08745172079,-1.19744570458,-0.27259856707,-1.32766865118,0.454986990909,-1.77002395134,1.15255972137,-0.982842856767,-0.850725978543,-1.32029163241,0.219571893777,-1.15966657459,4.38,001
2.94584308261,-1.55784178863,-0.27259856707,-1.14626371986,2.26572816824,-1.30062440255,0.881028869317,-0.637961798844,-0.910118807421,-1.87512662389,0.411777095791,-1.35731160915,2.97,001
2.94584308261,-1.40317788211,-0.27259856707,-1.30175366099,1.42802886669,-1.22594720161,1.67042686112,-0.867882504126,-0.470611873723,-2.70737911112,0.441051932607,-1.2017187096,4.08,001
2.94584308261,-1.40317788211,-0.27259856707,-1.30175366099,1.17159030499,-1.13704577191,1.67042686112,-0.867882504126,-0.470611873723,-2.70737911112,-0.0259200898572,-0.566731470923,8.61,001
2.94584308261,-1.40317788211,-0.27259856707,-1.30175366099,1.4095083039,-1.07659279972,1.67042686112,-0.867882504126,-0.470611873723,-2.70737911112,0.389519448325,-0.845677299836,6.62,001
3.58963660397,-1.4104733494,-0.27259856707,-1.31039199106,0.983535359744,-1.89448595291,1.83414399251,-0.752922151485,-0.0370442229129,-0.67298414234,0.441051932607,-1.13443529358,4.56,001
3.58963660397,-1.4104733494,-0.27259856707,-1.31039199106,1.21148074792,-1.94427075354,1.83414399251,-0.752922151485,-0.0370442229129,-0.67298414234,0.302901017297,-1.14985440976,4.45,001
3.05314200284,-1.32876411577,-0.27259856707,-1.2067320303,-0.17471214393,-1.07303674253,1.17651832596,-0.867882504126,-0.357765498855,-1.73641787602,0.406733490947,-0.732136535303,7.43,001
3.05314200284,-1.32876411577,-0.27259856707,-1.2067320303,1.88819361907,-1.88026172416,1.17651832596,-0.867882504126,-0.357765498855,-1.73641787602,0.424386107903,-1.33768727948,3.11,001
3.58963660397,-1.23392304102,-0.27259856707,-1.19722986723,2.23438567736,-1.2579517163,0.628893078125,-0.637961798844,-1.09423657694,-1.73641787602,0.395878776172,-1.23956563111,3.81,001
3.58963660397,-1.23392304102,-0.27259856707,-1.19722986723,2.49224889774,-1.30418045974,0.628893078125,-0.637961798844,-1.09423657694,-1.73641787602,0.371428257034,-1.36992724965,2.88,001
-0.48772236467,-0.0797801159955,-0.27259856707,-0.567495605641,-0.560794645154,-1.64556194977,0.0714752260301,-0.637961798844,-0.77945458389,0.0667958463069,0.441051932607,-0.2499387205,10.87,010
-0.48772236467,-0.0797801159955,-0.27259856707,-0.567495605641,0.0589318789517,-0.57163267905,0.266138888347,-0.637961798844,-0.77945458389,0.0667958463069,0.41879428514,-0.235921342162,10.97,001
-0.48772236467,-0.0797801159955,-0.27259856707,-0.567495605641,-0.714657782173,0.146690872888,0.266138888347,-0.637961798844,-0.77945458389,0.0667958463069,0.359148175673,0.757910781954,18.06,010
-0.48772236467,-0.0797801159955,3.66839785971,-0.567495605641,-0.314328694188,-0.336932904654,0.211138678994,-0.637961798844,-0.77945458389,0.0667958463069,0.27022722939,0.281319918485,14.66,001
-0.48772236467,-0.0797801159955,3.66839785971,-0.567495605641,-1.34008294098,1.11749448516,0.0380092386622,-0.637961798844,-0.77945458389,0.0667958463069,0.441051932607,1.46298491232,23.09,010
-0.48772236467,-0.0797801159955,3.66839785971,-0.567495605641,-0.462493196503,0.836565967323,0.0390075138536,-0.637961798844,-0.77945458389,0.0667958463069,0.401032024601,0.647173493089,17.27,010
-0.48772236467,-0.0797801159955,3.66839785971,-0.567495605641,-1.25460342042,0.712103965749,-0.0618182804747,-0.637961798844,-0.77945458389,0.0667958463069,0.422851097733,1.58773957952,23.98,010
-0.48772236467,-0.0797801159955,3.66839785971,-0.567495605641,-0.680465973947,-0.525403935608,-0.0677128577952,-0.637961798844,-0.77945458389,0.0667958463069,0.375704356794,0.473358001706,16.03,010
-0.48772236467,-0.0797801159955,-0.27259856707,-0.567495605641,0.128740154081,-1.28995623099,0.0714752260301,-0.637961798844,-0.77945458389,0.0667958463069,0.319457198418,-0.458797657726,9.38,001
-0.48772236467,-0.0797801159955,-0.27259856707,-0.567495605641,-1.24320615101,-2.09006909824,-0.0986593887276,-0.637961798844,-0.77945458389,0.0667958463069,-0.0849083378229,2.36850755291,29.55,010
-0.48772236467,-0.0797801159955,-0.27259856707,-0.567495605641,-0.146218970407,-0.930794455018,0.0714752260301,-0.637961798844,-0.77945458389,0.0667958463069,0.405198480777,-0.446182017222,9.47,001
-0.48772236467,0.40172072504,3.66839785971,-0.0405574717996,-0.565068621182,-0.447170677476,-0.324649877288,-0.523001446204,-0.785393866777,-0.950401638083,0.39609806334,0.120120067606,13.51,010
-0.48772236467,0.40172072504,-0.27259856707,-0.0405574717996,0.509124020601,0.587641964176,-0.177760813415,-0.523001446204,-0.785393866777,-0.950401638083,0.395878776172,-0.41534378488,9.69,001
-0.48772236467,0.40172072504,3.66839785971,-0.0405574717996,-0.475315124588,0.897018939515,-0.430562121401,-0.523001446204,-0.785393866777,-0.950401638083,0.441051932607,0.738286452282,17.92,010
-0.48772236467,0.40172072504,3.66839785971,-0.0405574717996,0.125890836729,0.847234138886,-0.205237149635,-0.523001446204,-0.785393866777,-0.950401638083,0.406404560196,-0.301803020348,10.5,010
-0.48772236467,-0.720322143919,3.66839785971,-0.412005664507,0.949343551517,0.708547908561,-0.44368230963,-0.178120388281,-0.601276097255,-0.488039145178,0.384037269146,-0.412540309213,9.71,001
-0.48772236467,-0.720322143919,3.66839785971,-0.412005664507,-0.171862826577,0.80811750982,-0.355121039082,-0.178120388281,-0.601276097255,-0.488039145178,0.422851097733,1.23450164542,21.46,010
-0.48772236467,-0.720322143919,3.66839785971,-0.412005664507,0.846768126838,0.324493732278,-0.248590815089,-0.178120388281,-0.601276097255,-0.488039145178,0.369673959697,-0.38170207687,9.93,001
-0.48772236467,-0.720322143919,-0.27259856707,-0.412005664507,0.474932212374,0.4347315051,-0.248590815089,-0.178120388281,-0.601276097255,-0.488039145178,0.441051932607,-0.70830699213,7.6,001
-0.48772236467,-0.720322143919,-0.27259856707,-0.437920654696,2.82276971059,0.345830075405,-0.428137738793,-0.178120388281,-0.601276097255,-0.488039145178,0.311124286066,-1.1933082826,4.14,001
-0.48772236467,-0.720322143919,-0.27259856707,-0.437920654696,3.47668804293,0.512964763232,-0.428137738793,-0.178120388281,-0.601276097255,-0.488039145178,0.277682993074,-1.12462312875,4.63,001
-0.48772236467,-0.720322143919,-0.27259856707,-0.437920654696,2.5007968498,0.637426764805,-0.275401634514,-0.178120388281,-0.601276097255,-0.488039145178,0.33667124104,-1.33488380381,3.13,001
-0.48772236467,-0.720322143919,-0.27259856707,-0.437920654696,1.25137119085,0.40272699041,-0.275401634514,-0.178120388281,-0.601276097255,-0.488039145178,0.168916558163,-0.882122483513,6.36,001
-0.48772236467,-0.720322143919,-0.27259856707,-0.437920654696,1.99646767845,-1.83403298072,-0.199627793798,-0.178120388281,-0.601276097255,-0.488039145178,0.228453024047,-1.22414651494,3.92,001
-0.48772236467,-0.720322143919,-0.27259856707,-0.437920654696,0.380904739751,-1.67756646446,-0.199627793798,-0.178120388281,-0.601276097255,-0.488039145178,0.2594821582,-1.24657432028,3.76,001
-0.48772236467,-0.720322143919,-0.27259856707,-0.437920654696,-0.432575364304,-0.0168877577516,-0.0587283810728,-0.178120388281,-0.601276097255,-0.488039145178,0.237663085067,-0.140603169469,11.65,001
-0.48772236467,-0.720322143919,-0.27259856707,-0.437920654696,1.6061112012,0.296045274776,-0.0587283810728,-0.178120388281,-0.601276097255,-0.488039145178,0.213431853096,-1.03771538306,5.25,001
-0.48772236467,-0.720322143919,-0.27259856707,-0.412005664507,2.9239204766,0.168027216014,0.0206107281841,-0.178120388281,-0.601276097255,-0.488039145178,0.320553634253,-1.42739850083,2.47,001
-0.48772236467,-0.720322143919,-0.27259856707,-0.412005664507,2.79570119575,0.064901557568,-0.0680456161923,-0.178120388281,-0.601276097255,-0.488039145178,0.244241700082,-1.21994130144,3.95,001
-0.48772236467,-0.720322143919,3.66839785971,-0.412005664507,0.628795349394,-0.0737846727565,-0.0680456161923,-0.178120388281,-0.601276097255,-0.488039145178,0.038659980871,-0.645228789612,8.05,001
-0.48772236467,-0.720322143919,-0.27259856707,-0.412005664507,-0.282986203313,-0.251587532147,-0.0680456161923,-0.178120388281,-0.601276097255,-0.488039145178,0.220120111695,-0.248536982666,10.88,001
-0.48772236467,-0.720322143919,3.66839785971,-0.412005664507,0.493452775164,0.281821046024,0.16778501354,-0.178120388281,-0.601276097255,-0.488039145178,0.348403104483,-0.436369852386,9.54,001
-0.48772236467,-0.720322143919,-0.27259856707,-0.412005664507,1.52917963269,0.107574243822,0.16778501354,-0.178120388281,-0.601276097255,-0.488039145178,0.366165365022,-1.11060575041,4.73,001
0.799864678059,-0.905627013045,-0.27259856707,-1.09443373948,0.279753973748,-1.7806921229,1.13844125795,-0.408041093563,-0.64285107747,-0.857929139502,0.249285304927,-0.882122483513,6.36,010
0.799864678059,-0.905627013045,-0.27259856707,-1.09443373948,0.457836308261,-0.937906569394,1.13844125795,-0.408041093563,-0.64285107747,-0.857929139502,0.297199550951,-0.740546962306,7.37,010
0.799864678059,-0.905627013045,-0.27259856707,-1.09443373948,0.872411983007,-0.507623649669,1.20794022603,-0.408041093563,-0.64285107747,-0.857929139502,0.379103307885,-0.178450090979,11.38,010
0.799864678059,-0.905627013045,-0.27259856707,-1.09443373948,-0.270164275229,-0.123569473386,1.20794022603,-0.408041093563,-0.64285107747,-0.857929139502,0.416053195551,-0.0354728319386,12.4,010
0.799864678059,-0.905627013045,-0.27259856707,-1.09443373948,0.104520956587,-0.557408450299,1.54041340167,-0.408041093563,-0.64285107747,-0.857929139502,0.176262678263,-0.200877896319,11.22,010
0.799864678059,-0.905627013045,-0.27259856707,-1.09443373948,0.154384010251,-2.161190242,1.54041340167,-0.408041093563,-0.64285107747,-0.857929139502,0.197752820645,-1.04612581006,5.19,010
0.456508133331,-0.76993132148,-0.27259856707,-1.06851874929,-0.985342930633,0.281821046024,1.97746778784,-0.293080740922,-0.464672590835,0.297977092759,0.17341194509,-0.0214554536013,12.5,100
0.456508133331,-0.76993132148,-0.27259856707,-1.06851874929,-0.96824702652,0.0577894431924,1.97746778784,-0.293080740922,-0.464672590835,0.297977092759,0.355858868166,0.813980295303,18.46,100
0.456508133331,-0.76993132148,-0.27259856707,-1.06851874929,-0.251643712439,-1.1974987441,2.0252899232,-0.293080740922,-0.464672590835,0.297977092759,0.367371444442,-0.489635890068,9.16,001
0.456508133331,-0.76993132148,-0.27259856707,-1.06851874929,-0.0835339886588,0.377834590095,2.0252899232,-0.293080740922,-0.464672590835,0.297977092759,0.213431853096,-0.350863844528,10.15,010
0.456508133331,-0.76993132148,-0.27259856707,-1.06851874929,0.211370357295,-0.692538623435,1.91643039042,-0.293080740922,-0.464672590835,0.297977092759,0.197752820645,-0.439173328053,9.52,001
0.456508133331,-0.76993132148,-0.27259856707,-1.06851874929,0.617398079985,-1.81625269478,1.91643039042,-0.293080740922,-0.464672590835,0.297977092759,0.406404560196,-0.854087726838,6.56,001
0.456508133331,-0.76993132148,-0.27259856707,-1.06851874929,0.288301925805,-1.97627526823,1.71211673459,-0.293080740922,-0.464672590835,0.297977092759,0.434254030425,-0.946602423865,5.9,001
0.456508133331,-0.76993132148,-0.27259856707,-1.06851874929,0.218493650675,-2.12207361293,1.71211673459,-0.293080740922,-0.464672590835,0.297977092759,0.223628706369,-1.27040386346,3.59,001
0.456508133331,-0.76993132148,-0.27259856707,-1.06851874929,0.957891503574,-2.19675081388,2.4299241341,-0.293080740922,-0.464672590835,0.297977092759,0.322527218758,-1.27881429046,3.53,001
0.456508133331,-0.76993132148,-0.27259856707,-1.06851874929,2.81279709986,-2.13985389887,2.4299241341,-0.293080740922,-0.464672590835,0.297977092759,0.441051932607,-1.27741255263,3.54,001
2.94584308261,-1.09385006909,-0.27259856707,-1.40541362175,-0.251643712439,-1.30062440255,2.57899989601,-0.982842856767,-0.553761834153,-0.950401638083,0.397084855592,-0.852685989004,6.57,010
2.94584308261,-1.09385006909,-0.27259856707,-1.40541362175,-0.582164525295,-1.75935577978,2.57899989601,-0.982842856767,-0.553761834153,-0.950401638083,0.422193236231,-0.477020249564,9.25,010
3.37503876352,-1.07780004105,-0.27259856707,-1.38813696162,1.6659468656,-1.22239114442,1.20794022603,-0.752922151485,-0.975450919187,-1.18158288453,0.325268308347,-1.33768727948,3.11,001
0.370668997149,-1.04569998498,-0.27259856707,0.797360544309,3.44677021073,0.651650993556,-0.9479063551,-0.523001446204,-0.856665261431,-2.52243411396,0.36210855243,-1.0559379749,5.12,001
0.370668997149,-1.04569998498,-0.27259856707,0.797360544309,1.49356316579,1.11749448516,-0.903411803713,-0.523001446204,-0.856665261431,-2.52243411396,0.291827015356,-0.681673973289,7.79,001
0.370668997149,-1.04569998498,-0.27259856707,0.797360544309,0.794055755822,1.11749448516,-0.848221446704,-0.523001446204,-0.856665261431,-2.52243411396,0.386559071568,-0.806428640491,6.9,001
0.370668997149,-1.04569998498,-0.27259856707,0.797360544309,1.3083575379,0.470292076978,-0.800019016035,-0.523001446204,-0.856665261431,-2.52243411396,0.39609806334,-0.429361163217,9.59,001
0.370668997149,-1.04569998498,-0.27259856707,0.797360544309,1.75997433822,0.740552423252,-0.786851290892,-0.523001446204,-0.856665261431,-2.52243411396,0.347525955814,-0.755966078477,7.26,001
0.370668997149,-1.04569998498,-0.27259856707,0.797360544309,3.01082465584,0.815229624196,-0.71616389996,-0.523001446204,-0.856665261431,-2.52243411396,0.330969774693,-0.945200686031,5.91,001
0.370668997149,-1.04569998498,-0.27259856707,0.797360544309,1.48501521373,0.92191133983,-0.815848808356,-0.523001446204,-0.856665261431,-2.52243411396,0.402895965521,-0.196672682818,11.25,001
0.370668997149,-1.04569998498,-0.27259856707,0.797360544309,1.31263151392,0.818785681384,-0.886536199288,-0.523001446204,-0.856665261431,-2.52243411396,0.342263063802,-0.638220100443,8.1,001
0.370668997149,-1.04569998498,-0.27259856707,0.797360544309,-1.03235666694,-0.205358788705,-0.859725379862,-0.523001446204,-0.856665261431,-2.52243411396,0.391712319996,-0.308811709516,10.45,010
0.370668997149,-1.04569998498,-0.27259856707,0.797360544309,1.03909704811,0.569861678237,-0.79013133795,-0.523001446204,-0.856665261431,-2.52243411396,0.300379214875,0.299542510323,14.79,001
0.370668997149,-1.04569998498,-0.27259856707,0.175400779775,2.86693412955,-0.0560043868175,-0.652892267593,-0.523001446204,-0.856665261431,-2.52243411396,0.305532463303,-0.73073479747,7.44,001
0.370668997149,-1.04569998498,-0.27259856707,0.175400779775,1.68874140442,-0.568076621862,-0.438786007501,-0.523001446204,-0.856665261431,-2.52243411396,0.368687167445,-1.33067859031,3.16,001
0.370668997149,-0.609431041135,3.66839785971,-0.783453857215,-0.519479543547,-0.251587532147,0.058212427059,-0.752922151485,-1.10017585983,0.0667958463069,0.380090100137,0.139744397278,13.65,010
0.370668997149,-0.609431041135,-0.27259856707,-0.783453857215,-0.610657698818,-0.941462626582,0.301363741528,-0.752922151485,-1.10017585983,0.0667958463069,0.350595976154,0.0486314380853,13.0,010
0.370668997149,-0.609431041135,-0.27259856707,-0.783453857215,-0.0635887671933,-1.85892538104,0.301363741528,-0.752922151485,-1.10017585983,0.0667958463069,0.441051932607,-0.849882513337,6.59,001
0.370668997149,-0.609431041135,-0.27259856707,-0.783453857215,0.360959518286,-0.351157133406,0.058212427059,-0.752922151485,-1.10017585983,0.0667958463069,0.419781077393,-0.690084400292,7.73,001
0.370668997149,-0.609431041135,3.66839785971,-0.783453857215,2.00359097183,-0.596525079364,0.271653170357,-0.752922151485,-1.10017585983,0.0667958463069,0.373840415873,-0.851284251171,6.58,001
1.22906035897,-0.689681181307,3.66839785971,-0.930305468286,0.674384427029,-1.26861988786,0.134319026172,-0.637961798844,-0.916058090309,-0.395566646597,0.441051932607,-1.27881429046,3.53,001
1.22906035897,-0.689681181307,-0.27259856707,-0.930305468286,0.811151659935,-0.916570226267,0.224496551793,-0.637961798844,-0.916058090309,-0.395566646597,0.441051932607,-1.35590987131,2.98,001
1.22906035897,-0.689681181307,3.66839785971,-0.930305468286,1.39953569317,-0.696094680623,0.471640967028,-0.637961798844,-0.916058090309,-0.395566646597,0.357174591169,-0.925576356359,6.05,001
1.22906035897,-0.689681181307,3.66839785971,-0.930305468286,0.771261217004,-1.45709091881,0.507578873917,-0.637961798844,-0.916058090309,-0.395566646597,0.403224896272,-1.19050480693,4.16,001
1.22906035897,-0.689681181307,-0.27259856707,-0.930305468286,0.281178632424,-1.29706834536,0.164124671172,-0.637961798844,-0.916058090309,-0.395566646597,0.441051932607,-0.765778243313,7.19,001
0.370668997149,-1.13908196627,-0.27259856707,-0.965722621544,0.751315995539,-1.29351228817,0.145300053278,-0.523001446204,-1.14175084005,-1.64394537744,0.441051932607,-1.09378489641,4.85,001
0.370668997149,-1.13908196627,-0.27259856707,-0.965722621544,2.18737194105,-0.144905816513,0.427669321693,-0.523001446204,-1.14175084005,-1.64394537744,0.335903735954,-1.24657432028,3.76,001
0.370668997149,-1.13908196627,-0.27259856707,-0.965722621544,0.973562749011,-1.11570942878,0.689122348005,-0.523001446204,-1.14175084005,-1.64394537744,0.389848379076,-1.13023008008,4.59,001
0.370668997149,-1.13908196627,3.66839785971,-0.965722621544,1.93805667273,-0.671202280308,0.673530240254,-0.523001446204,-1.14175084005,-1.64394537744,0.223628706369,-1.35170465781,3.01,001
3.37503876352,-1.4484097793,3.66839785971,-1.32766865118,2.33411178469,-1.55666052007,0.993501207544,-0.982842856767,-1.24865793203,-2.24501661821,0.425921118073,-1.33067859031,3.16,001
3.37503876352,-1.19160933075,-0.27259856707,-1.33630698125,1.14452179014,-1.69890280759,1.66961873358,-0.982842856767,-0.731940320787,-1.45900038028,0.417149631387,-0.673263546287,7.85,001
1.87285388033,-1.2966640597,-0.27259856707,-1.43132861194,0.239863530817,-1.30418045974,1.66961873358,-0.982842856767,-0.64285107747,-1.45900038028,0.417149631387,-0.619997508605,8.23,010
2.94584308261,-1.36815963913,-0.27259856707,-1.46588193219,-0.0778353539544,-1.31840468849,2.51667900192,-0.982842856767,-0.993268767851,-0.118149150855,-0.165277084587,0.0388192732492,12.93,010
1.76555496011,-0.848722368195,-0.27259856707,-1.29311533093,-0.107753186153,-1.32551680287,1.67432488806,-0.408041093563,-0.684426057685,-0.857929139502,0.441051932607,-0.772786932482,7.14,010
1.76555496011,-0.848722368195,-0.27259856707,-1.29311533093,0.0432606335145,-0.817000625009,1.67432488806,-0.408041093563,-0.684426057685,-0.857929139502,0.441051932607,-0.70830699213,7.6,010
1.76555496011,-0.848722368195,-0.27259856707,-1.29311533093,0.399425302541,-1.62422560664,1.67432488806,-0.408041093563,-0.684426057685,-0.857929139502,0.164969389154,-0.440575065887,9.51,001
2.94584308261,-0.902708826129,-0.27259856707,-1.24128535055,0.821124270668,-1.44642274725,0.628275098245,-0.637961798844,-0.9695116363,0.344213342049,0.441051932607,-1.30684904713,3.33,001
2.94584308261,-0.902708826129,-0.27259856707,-1.24128535055,1.23000131071,-1.45353486163,0.628275098245,-0.637961798844,-0.9695116363,0.344213342049,0.441051932607,-1.27460907696,3.56,001
2.94584308261,-0.902708826129,-0.27259856707,-1.24128535055,0.492028116488,-1.6064453207,0.628275098245,-0.637961798844,-0.9695116363,0.344213342049,0.441051932607,-1.11481096391,4.7,001
-0.48772236467,0.406098005413,-0.27259856707,-1.01668876892,-0.224575197593,-1.78424818009,0.811767585801,-0.637961798844,-0.708183189236,-1.13534663524,0.441051932607,-0.570936684424,8.58,001
-0.48772236467,0.406098005413,-0.27259856707,-1.01668876892,-0.392684921374,-0.934350512206,0.811767585801,-0.637961798844,-0.708183189236,-1.13534663524,0.441051932607,-0.315820398685,10.4,010
-0.48772236467,0.406098005413,-0.27259856707,-1.01668876892,0.560411732941,-1.33262891724,1.02934404061,-0.637961798844,-0.708183189236,-1.13534663524,0.441051932607,-0.894738124016,6.27,001
-0.48772236467,0.406098005413,-0.27259856707,-1.01668876892,0.376630763723,-0.624973536867,1.02934404061,-0.637961798844,-0.708183189236,-1.13534663524,0.396646281257,-0.737743486638,7.39,001
-0.48772236467,0.406098005413,-0.27259856707,-1.01668876892,-0.70468517144,-0.37604953372,1.2002867829,-0.637961798844,-0.708183189236,-1.13534663524,0.441051932607,0.446724982865,15.84,010
2.5166474017,-1.29812315316,-0.27259856707,-1.33630698125,0.0860003937977,-1.7237952079,1.9170483703,-0.523001446204,-0.298372669977,-1.69018162673,0.126813422069,-1.0769640424,4.97,010
2.5166474017,-1.29812315316,-0.27259856707,-1.33630698125,1.07756283237,-2.08295698387,1.9170483703,-0.523001446204,-0.298372669977,-1.69018162673,0.163434378984,-1.10920401258,4.74,001
2.5166474017,-1.29812315316,-0.27259856707,-1.33630698125,0.835370857429,-0.752991595628,1.9170483703,-0.523001446204,-0.298372669977,-1.69018162673,0.374827208125,-0.922772880691,6.07,001
0.971542950423,-0.736372171953,-0.27259856707,-1.05124208917,0.435041769443,-1.00191559877,0.806538525275,-0.293080740922,-0.470611873723,-1.08911038595,0.428442920495,-0.441976803721,9.5,010
0.971542950423,-0.736372171953,-0.27259856707,-1.05124208917,0.299699195213,-1.78424818009,0.806538525275,-0.293080740922,-0.470611873723,-1.08911038595,0.29533561003,-0.558321043921,8.67,001
0.971542950423,-0.736372171953,-0.27259856707,-1.05124208917,0.993507970476,-1.80914058041,0.806538525275,-0.293080740922,-0.470611873723,-1.08911038595,0.370112534031,-1.09238315857,4.86,001
0.928623382332,-1.30687771391,-0.27259856707,-0.714347216712,1.35537127421,-0.97702319846,0.107888502058,-0.293080740922,-1.10611514272,-0.0256766522739,0.405746698695,-0.80222342699,6.93,001
0.928623382332,-1.30687771391,-0.27259856707,-0.714347216712,0.472082895022,-0.372493476532,-0.202052176405,-0.293080740922,-1.10611514272,-0.0256766522739,0.40223810402,-0.521875860244,8.93,001
0.928623382332,-1.30687771391,-0.27259856707,-0.714347216712,1.61750847061,0.118242415385,-0.330782139178,-0.293080740922,-1.10611514272,-0.0256766522739,0.441051932607,-0.866703367342,6.47,001
0.928623382332,-1.30687771391,-0.27259856707,-0.714347216712,0.804028366554,0.0613455003802,-0.291088816093,-0.293080740922,-1.10611514272,-0.0256766522739,0.441051932607,-0.718119156966,7.53,001
-0.48772236467,-0.180457564576,-0.27259856707,-0.0923874521775,0.499151409868,0.495184477293,-0.227009056189,-0.637961798844,-0.619093945919,-0.0256766522739,0.441051932607,-1.13723876925,4.54,010
-0.48772236467,-0.180457564576,-0.27259856707,-0.0923874521775,-0.445397292389,0.2889331604,-0.32921342102,-0.637961798844,-0.619093945919,-0.0256766522739,0.433815456091,-0.376095125536,9.97,010
-0.48772236467,-0.180457564576,-0.27259856707,-0.0923874521775,-1.86863130982,-1.09437308566,-0.606401165824,-0.637961798844,-0.619093945919,-0.0256766522739,-0.0682425131188,-0.00183112392905,12.64,100
-0.48772236467,-0.180457564576,-0.27259856707,-0.0923874521775,-0.231698490974,-0.560964507486,-0.548929036949,-0.637961798844,-0.619093945919,-0.0256766522739,0.441051932607,-0.935388521195,5.98,010
-0.48772236467,-0.180457564576,-0.27259856707,-0.0923874521775,-0.372739699908,0.77611299513,-0.456850034774,-0.637961798844,-0.619093945919,-0.0256766522739,0.434473317592,-0.130791004632,11.72,010
-0.48772236467,-0.180457564576,-0.27259856707,-0.0923874521775,-0.0265476416146,0.505852648856,-0.253011748079,-0.637961798844,-0.619093945919,-0.0256766522739,0.402567034771,-0.666254857118,7.9,010
-0.48772236467,-0.180457564576,-0.27259856707,-0.0923874521775,0.402274619893,0.665875222308,-0.0916239254742,-0.637961798844,-0.619093945919,-0.0256766522739,0.427785058994,-0.472815036063,9.28,001
-0.48772236467,-0.180457564576,-0.27259856707,-0.0923874521775,-0.825781158909,0.324493732278,0.0712850783746,-0.637961798844,-0.619093945919,-0.0256766522739,0.435789040595,-0.161629236975,11.5,100
-0.48772236467,-0.180457564576,-0.27259856707,-0.0923874521775,-0.528027495603,0.520076877608,0.0967648642114,-0.637961798844,-0.619093945919,-0.0256766522739,0.373072910788,0.795757703465,18.33,100
-0.48772236467,-0.180457564576,-0.27259856707,-0.0923874521775,-0.716082440849,0.11113030101,0.112499582704,-0.637961798844,-0.619093945919,-0.0256766522739,0.441051932607,0.460742361203,15.94,010
-0.48772236467,-0.180457564576,-0.27259856707,-0.0923874521775,0.138712764814,-0.0488922724419,-0.124804691359,-0.637961798844,-0.619093945919,-0.0256766522739,0.422522166982,-0.32142735002,10.36,010
-0.48772236467,-0.180457564576,-0.27259856707,-0.0923874521775,-0.244520419059,-0.347601076218,0.0983335823693,-0.637961798844,-0.619093945919,-0.0256766522739,0.433705812507,0.0107845165745,12.73,010
-0.48772236467,-0.548149115912,-0.27259856707,-0.532942285389,0.201397746562,-0.578744793425,0.354319863585,-0.523001446204,-0.720061755011,0.529158339211,0.441051932607,-0.764376505479,7.2,001
-0.48772236467,-0.548149115912,-0.27259856707,-0.532942285389,0.130164812757,-0.507623649669,0.354319863585,-0.523001446204,-0.720061755011,0.529158339211,0.441051932607,-0.810633853992,6.87,010
-0.48772236467,-0.548149115912,-0.27259856707,-0.532942285389,-0.347095843738,-0.664090165933,0.440219066956,-0.523001446204,-0.720061755011,0.529158339211,0.441051932607,-0.694289613793,7.7,010
-0.48772236467,-0.548149115912,-0.27259856707,-0.532942285389,-0.821507182881,0.203587787893,0.440219066956,-0.523001446204,-0.720061755011,0.529158339211,0.377787584882,-0.127987528965,11.74,100
-0.48772236467,-0.548149115912,-0.27259856707,-0.532942285389,0.185726501125,-1.01258377034,0.440219066956,-0.523001446204,-0.720061755011,0.529158339211,0.441051932607,-0.915764191522,6.12,001
-0.48772236467,-0.548149115912,-0.27259856707,-0.532942285389,0.208521039943,-1.91582229604,0.770505544558,-0.523001446204,-0.720061755011,0.529158339211,0.405746698695,-1.06154492623,5.08,001
-0.48772236467,-0.548149115912,-0.27259856707,-0.532942285389,0.0389866574862,-1.41086217537,0.770505544558,-0.523001446204,-0.720061755011,0.529158339211,0.441051932607,-0.911558978021,6.15,010
-0.48772236467,-0.548149115912,-0.27259856707,-0.532942285389,-0.287260179342,-0.884565711577,0.770505544558,-0.523001446204,-0.720061755011,0.529158339211,0.441051932607,0.0191949435769,12.79,010
-0.48772236467,-1.15221380739,-0.27259856707,-0.818007177467,-0.593561794704,-1.52109994819,0.674813736928,-0.637961798844,0.129255697946,-0.71922039163,0.282507310751,-0.376095125536,9.97,010
-0.48772236467,-1.15221380739,-0.27259856707,-0.818007177467,0.0689044896844,-1.82692086635,0.674813736928,-0.637961798844,0.129255697946,-0.71922039163,0.203234999824,-0.744752175807,7.34,010
-0.48772236467,-1.15221380739,-0.27259856707,-0.818007177467,-0.200356000099,-1.29351228817,0.988081999363,-0.637961798844,0.129255697946,-0.71922039163,0.130431660327,-0.499448054904,9.09,010
1.01446251851,-0.740749452326,-0.27259856707,-1.00891427186,-0.824356500233,-1.42864246131,1.3527376657,-0.982842856767,-0.619093945919,-0.71922039163,0.409474580536,-0.0312676184374,12.43,100
1.01446251851,-0.740749452326,-0.27259856707,-1.00891427186,-0.361342430499,-1.61000137789,1.3527376657,-0.982842856767,-0.619093945919,-0.71922039163,0.0611369155048,-0.676067021954,7.83,010
-0.48772236467,-0.867690583145,-0.27259856707,-0.342899024004,0.0446852921906,-1.08370491409,1.2660778717,-0.523001446204,-1.09423657694,0.806575834954,0.362218196014,-0.977440656207,5.68,010
-0.48772236467,-0.867690583145,-0.27259856707,-0.342899024004,0.036137340134,-1.06948068534,1.2660778717,-0.523001446204,-1.09423657694,0.806575834954,0.358819244923,-0.827454707997,6.75,010
-0.48772236467,-0.867690583145,-0.27259856707,-0.342899024004,-0.352794478443,-1.21172297286,1.04118073216,-0.523001446204,-1.09423657694,0.806575834954,0.441051932607,-0.650835740947,8.01,010
-0.48772236467,-0.867690583145,-0.27259856707,-0.342899024004,-0.592137136028,-0.792108224694,0.682657327718,-0.523001446204,-1.09423657694,0.806575834954,0.441051932607,-0.399924668709,9.8,010
-0.48772236467,-0.867690583145,-0.27259856707,-0.342899024004,-0.555096010449,-0.319152618715,0.865151540083,-0.523001446204,-1.09423657694,0.806575834954,0.418136423639,-0.293392593345,10.56,100
-0.48772236467,-0.867690583145,-0.27259856707,-0.342899024004,-0.321451987568,-1.1121533716,0.483525195496,-0.523001446204,-1.09423657694,0.806575834954,0.432719020255,-0.58074884926,8.51,010
-0.48772236467,-0.867690583145,-0.27259856707,-0.342899024004,-0.4268767296,-0.824112739384,0.483525195496,-0.523001446204,-1.09423657694,0.806575834954,0.441051932607,-0.408335095711,9.74,010
-0.48772236467,-0.867690583145,-0.27259856707,-0.342899024004,-0.451095927094,-0.358269247781,0.483525195496,-0.523001446204,-1.09423657694,0.806575834954,0.441051932607,-0.471413298229,9.29,100
1.01446251851,-1.40317788211,-0.27259856707,-0.973497118601,1.36249456759,-0.68542650906,1.54155428761,-0.982842856767,-0.737879603675,-1.3665278817,0.417368918554,-1.00407367505,5.49,001
-0.48772236467,-1.34919142418,-0.27259856707,-0.316984033815,0.363808835638,-0.315596561528,1.17504468163,-0.982842856767,0.0817414348433,-1.18158288453,0.364959285603,-0.561124519588,8.65,100
1.87285388033,-1.07342276068,-0.27259856707,-0.610687255956,0.58605558911,-0.432946448725,0.92081726623,-0.523001446204,-0.227101275323,-0.395566646597,0.441051932607,-0.767179981147,7.18,001
1.87285388033,-1.07342276068,-0.27259856707,-0.610687255956,0.839644833457,-1.43931063288,1.26940545567,-0.523001446204,-0.227101275323,-0.395566646597,0.343140212471,-1.12742660442,4.61,001
-0.48772236467,-0.98441805976,-0.27259856707,-0.973497118601,-0.385561627993,-0.713874966562,2.00537195628,-0.752922151485,-0.334008367304,0.159268344888,0.317593257497,-0.297597806847,10.53,100
-0.48772236467,-0.98441805976,-0.27259856707,-0.973497118601,-0.550822034421,-0.578744793425,2.00537195628,-0.752922151485,-0.334008367304,0.159268344888,0.0870128012295,0.00237408957215,12.67,100
3.16044092306,-1.01943630274,-0.27259856707,-1.08579540942,0.329617027412,-1.45353486163,2.25337203597,-0.637961798844,-0.339947650191,-0.256857898726,0.392041250747,-0.882122483513,6.36,010
2.94584308261,-1.33168230269,-0.27259856707,-1.03396542904,0.499151409868,-1.38241371787,2.16243391972,-0.637961798844,-0.761636735226,-0.67298414234,0.375704356794,-0.933986783361,5.99,001
1.22906035897,-1.44257340547,-0.27259856707,-1.08579540942,0.932247647404,-1.21172297286,2.3754468308,-0.982842856767,-0.434976176396,0.575394588502,0.363753206184,-0.948004161698,5.89,001
1.22906035897,-1.44257340547,-0.27259856707,-1.08579540942,0.292575901833,-0.859673311262,2.3754468308,-0.982842856767,-0.434976176396,0.575394588502,0.441051932607,-0.935388521195,5.98,010
2.08745172079,-1.37837329333,-0.27259856707,-1.24128535055,0.419370524006,-1.16193817223,3.28729991274,-0.637961798844,0.0164093230774,-0.0719129015644,0.154662892298,-1.00407367505,5.49,001
2.08745172079,-1.37837329333,-0.27259856707,-1.24128535055,-0.570767255887,-1.7806921229,3.28729991274,-0.637961798844,0.0164093230774,-0.0719129015644,0.390944814911,-0.681673973289,7.79,100
3.37503876352,-1.33022320923,-0.27259856707,-1.24992368062,0.631644666746,-1.15482605785,3.96051768704,-0.523001446204,-1.31399004379,-0.67298414234,0.304655314634,-1.14284572059,4.5,001
2.94584308261,-1.34627323727,-0.27259856707,-1.22400869043,-0.885616823306,-1.65978617852,3.22806891805,-0.637961798844,-0.440915459284,1.63882832218,0.28645447976,-0.645228789612,8.05,100
2.94584308261,-1.34627323727,-0.27259856707,-1.22400869043,-0.496685004729,-1.74513155103,3.22806891805,-0.637961798844,-0.440915459284,1.63882832218,0.212335417261,-0.992859772378,5.57,010
-0.48772236467,1.01599907073,3.66839785971,1.85987514205,-0.103479210124,1.02503699828,-0.795217787734,1.66124525397,1.53092645947,0.806575834954,0.230865182886,0.693430841602,17.6,100
-0.48772236467,1.01599907073,3.66839785971,1.85987514205,0.157233327603,0.797449338257,-0.613151407594,1.66124525397,1.53092645947,0.806575834954,0.380090100137,0.0864783595961,13.27,010
-0.48772236467,1.01599907073,3.66839785971,1.85987514205,-0.224575197593,0.527188991983,-0.509758619916,1.66124525397,1.53092645947,0.806575834954,0.424934325821,-0.164432712642,11.48,010
-0.48772236467,1.01599907073,-0.27259856707,1.85987514205,-0.245945077735,0.452511791039,-0.611297467953,1.66124525397,1.53092645947,0.806575834954,0.373511485122,0.00237408957215,12.67,010
-0.48772236467,1.01599907073,-0.27259856707,1.85987514205,0.161507303631,0.690767622622,-0.60697160879,1.66124525397,1.53092645947,0.806575834954,0.196108166891,-0.681673973289,7.79,001
-0.48772236467,1.01599907073,-0.27259856707,1.85987514205,-0.0479175217562,0.801005395444,-0.712836315989,1.66124525397,1.53092645947,0.806575834954,-0.0660496414472,0.215438240299,14.19,010
-0.48772236467,1.01599907073,-0.27259856707,1.85987514205,-1.31443908481,0.982364312023,-0.804059653715,1.66124525397,1.53092645947,0.806575834954,0.264416119461,-0.345256893193,10.19,010
-0.48772236467,1.01599907073,3.66839785971,1.85987514205,-0.686164608651,0.7263281945,-0.898610575412,1.66124525397,1.53092645947,0.806575834954,-0.0398448249718,0.278516442817,14.64,100
-0.48772236467,1.01599907073,3.66839785971,1.41068197878,3.55504427011,0.509408706044,-0.898610575412,1.66124525397,1.53092645947,0.806575834954,-0.0232886438513,-1.03210843172,5.29,010
-0.48772236467,1.01599907073,-0.27259856707,1.41068197878,-3.88024936048,0.687211565435,-1.03718067936,1.66124525397,1.53092645947,0.806575834954,-0.0216439900976,-0.775590408149,7.12,001
-0.48772236467,1.01599907073,-0.27259856707,1.41068197878,-1.88287789658,0.811673567008,-0.971056832157,1.66124525397,1.53092645947,0.806575834954,-0.445635727799,0.188805221459,14.0,010
-0.48772236467,1.01599907073,-0.27259856707,0.659147263301,-3.45000244029,1.11749448516,-1.08595355299,1.66124525397,1.53092645947,0.806575834954,-2.46976592426,0.0948887865985,13.33,010
-0.48772236467,1.01599907073,-0.27259856707,0.659147263301,-1.87290528585,1.11749448516,-1.1706167966,1.66124525397,1.53092645947,0.806575834954,0.206633950914,-1.31666121197,3.26,001
-0.48772236467,1.01599907073,3.66839785971,0.659147263301,0.567535026321,1.00370065515,-1.15911286345,1.66124525397,1.53092645947,0.806575834954,0.204550722826,-1.25077953378,3.73,001
-0.48772236467,1.01599907073,3.66839785971,0.659147263301,1.04194636546,1.02859305546,-1.23246232155,1.66124525397,1.53092645947,0.806575834954,0.387874794571,-1.35871334698,2.96,001
-0.48772236467,1.01599907073,-0.27259856707,0.659147263301,-0.0977805754199,1.11749448516,-1.24829211387,1.66124525397,1.53092645947,0.806575834954,0.103897913101,-0.43777159022,9.53,001
-0.48772236467,1.01599907073,3.66839785971,0.978765475631,-0.583589183972,0.747664537627,-1.26706919485,1.66124525397,1.53092645947,0.806575834954,-0.0964209140987,-0.528884549412,8.88,001
-0.48772236467,1.01599907073,-0.27259856707,0.978765475631,-1.96408344112,1.11749448516,-1.24586773127,1.66124525397,1.53092645947,0.806575834954,0.441051932607,3.10021470212,34.77,100
-0.48772236467,1.01599907073,-0.27259856707,0.978765475631,-3.05822130437,1.11749448516,-1.26355146323,1.66124525397,1.53092645947,0.806575834954,0.441051932607,3.54877080891,37.97,100
-0.48772236467,1.01599907073,-0.27259856707,1.00468046582,1.46506999227,1.04281728422,-1.17831777665,1.66124525397,1.53092645947,0.806575834954,0.441051932607,0.11030790277,13.44,100
-0.48772236467,1.01599907073,-0.27259856707,1.00468046582,0.519096631333,0.879238653576,-1.16472221928,1.66124525397,1.53092645947,0.806575834954,0.0695794714404,1.48401097983,23.24,100
-0.48772236467,1.01599907073,-0.27259856707,1.00468046582,0.725672139369,1.07482179891,-1.15849488356,1.66124525397,1.53092645947,0.806575834954,0.441051932607,1.20366341308,21.24,100
-0.48772236467,1.01599907073,-0.27259856707,1.00468046582,0.135863447461,0.982364312023,-1.14513701077,1.66124525397,1.53092645947,0.806575834954,0.441051932607,1.54708918234,23.69,100
-0.48772236467,1.01599907073,-0.27259856707,1.00468046582,-0.0878079646871,1.11749448516,-1.14513701077,1.66124525397,1.53092645947,0.806575834954,0.406404560196,1.2793572561,21.78,100
-0.48772236467,1.01599907073,-0.27259856707,1.00468046582,0.973562749011,0.829453852947,-1.13068578895,1.66124525397,1.53092645947,0.806575834954,0.441051932607,0.638763066087,17.21,100
-0.48772236467,1.01599907073,-0.27259856707,1.00468046582,0.370932129019,1.08548997047,-1.0818653784,1.66124525397,1.53092645947,0.806575834954,0.441051932607,1.18123560774,21.08,100
-0.48772236467,1.01599907073,-0.27259856707,1.25519203765,-1.06654847517,1.11749448516,-1.05277278711,1.66124525397,1.53092645947,0.806575834954,0.441051932607,1.53447354184,23.6,100
-0.48772236467,1.01599907073,-0.27259856707,1.25519203765,-1.08934301399,1.11749448516,-1.07525774737,1.66124525397,1.53092645947,0.806575834954,0.441051932607,1.66904037388,24.56,100
-0.48772236467,1.01599907073,-0.27259856707,1.25519203765,-2.73054980886,0.804561452632,-1.11975229876,1.66124525397,1.53092645947,0.806575834954,-0.776759350208,2.51989523896,30.63,100
-0.48772236467,1.01599907073,-0.27259856707,1.25519203765,-1.43553507228,1.04992939859,-1.12612224522,1.66124525397,1.53092645947,0.806575834954,0.441051932607,2.54512651996,30.81,100
-0.48772236467,1.01599907073,-0.27259856707,1.25519203765,-2.32594674485,1.11749448516,-1.10658457361,1.66124525397,1.53092645947,0.806575834954,0.441051932607,2.19048684803,28.28,100
-0.48772236467,1.01599907073,-0.27259856707,1.25519203765,-1.83016552556,0.74410848044,-1.08224567371,1.66124525397,1.53092645947,0.806575834954,0.441051932607,2.71053158434,31.99,100
-0.48772236467,1.01599907073,-0.27259856707,1.25519203765,-2.0011245667,1.11749448516,-1.04844692794,1.66124525397,1.53092645947,0.806575834954,0.178126619184,2.51849350112,30.62,100
-0.48772236467,1.01599907073,-0.27259856707,1.25519203765,-1.27454864188,1.07837785609,-0.982560765314,1.66124525397,1.53092645947,0.806575834954,0.441051932607,1.14899563757,20.85,100
-0.48772236467,1.01599907073,-0.27259856707,1.25519203765,-0.814383889501,1.01081276953,-0.888247528187,1.66124525397,1.53092645947,0.806575834954,0.413969967463,0.624745687749,17.11,100
-0.48772236467,1.01599907073,-0.27259856707,1.25519203765,-0.332849256977,0.495184477293,-0.773540955007,1.66124525397,1.53092645947,0.806575834954,0.237992015818,0.856032430315,18.76,010
-0.48772236467,1.01599907073,-0.27259856707,1.25519203765,-1.77887781322,1.01081276953,-0.962642798401,1.66124525397,1.53092645947,0.806575834954,0.441051932607,1.82603501126,25.68,100
-0.48772236467,1.01599907073,-0.27259856707,1.19472372721,-0.13054772497,0.854346253262,-0.95256497266,1.66124525397,1.53092645947,0.806575834954,0.441051932607,0.352808548005,15.17,100
-0.48772236467,1.01599907073,-0.27259856707,1.19472372721,-0.566493279858,0.929023454206,-0.956890831822,1.66124525397,1.53092645947,0.806575834954,0.441051932607,0.518213612386,16.35,100
-0.48772236467,1.01599907073,-0.27259856707,1.19472372721,0.265507386987,1.07482179891,-0.983701651247,1.66124525397,1.53092645947,0.806575834954,0.387107289486,0.626147425583,17.12,100
-0.48772236467,1.01599907073,-0.27259856707,1.19472372721,0.171479914364,0.975252197647,-1.00694720213,1.66124525397,1.53092645947,0.806575834954,0.441051932607,0.941538438173,19.37,100
-0.48772236467,1.01599907073,-0.27259856707,1.19472372721,-0.765945494513,1.07837785609,-1.02757822275,1.66124525397,1.53092645947,0.806575834954,0.399387370847,1.01863401903,19.92,100
-0.48772236467,1.01599907073,-0.27259856707,1.19472372721,-1.18479514529,1.11749448516,-1.09593630491,1.66124525397,1.53092645947,0.806575834954,0.441051932607,2.51428828762,30.59,100
-0.48772236467,1.01599907073,-0.27259856707,1.19472372721,-0.616356333522,0.328049789466,-1.09080231821,1.66124525397,1.53092645947,0.806575834954,-0.202994477338,2.42738054193,29.97,100
-0.48772236467,1.01599907073,-0.27259856707,1.19472372721,-0.424027412248,1.11749448516,-1.04877968634,1.66124525397,1.53092645947,0.806575834954,0.441051932607,1.97882443513,26.77,100
-0.48772236467,1.01599907073,-0.27259856707,1.19472372721,0.0831510764454,1.11749448516,-1.05576761268,1.66124525397,1.53092645947,0.806575834954,0.441051932607,1.07470353238,20.32,100
-0.48772236467,1.01599907073,-0.27259856707,1.19472372721,0.170055255688,1.11749448516,-1.02491615558,1.66124525397,1.53092645947,0.806575834954,0.213102922346,1.07330179454,20.31,100
-0.48772236467,1.01599907073,-0.27259856707,1.19472372721,-1.3329596476,0.975252197647,-0.994587604525,1.66124525397,1.53092645947,0.806575834954,0.441051932607,0.997607951522,19.77,100
-0.48772236467,1.01599907073,-0.27259856707,1.19472372721,-1.07367176855,0.598310135739,-1.03993782036,1.66124525397,1.53092645947,0.806575834954,-0.298384395052,2.06433044299,27.38,100
-0.48772236467,1.01599907073,-0.27259856707,1.19472372721,-0.857123649784,1.11749448516,-1.12645500361,1.66124525397,1.53092645947,0.806575834954,0.310247137397,1.44756579615,22.98,100
-0.48772236467,1.01599907073,-0.27259856707,0.901020505065,-3.05822130437,1.11749448516,-1.24401379163,1.66124525397,1.53092645947,0.806575834954,0.148522851617,1.49802835816,23.34,100
-0.48772236467,1.01599907073,-0.27259856707,0.901020505065,-0.963973050492,1.11749448516,-1.19310175687,1.66124525397,1.53092645947,0.806575834954,-0.26954813257,-0.0733197534494,12.13,001
-0.48772236467,1.01599907073,-0.27259856707,0.36544404116,-0.951151122407,1.04281728422,-1.11252668785,1.66124525397,1.53092645947,0.806575834954,-0.460876185916,1.92696013529,26.4,100
-0.48772236467,1.01599907073,-0.27259856707,0.36544404116,0.808302342583,1.11749448516,-1.10739270115,1.66124525397,1.53092645947,0.806575834954,-1.94413458458,0.999009689356,19.78,001
-0.48772236467,1.01599907073,-0.27259856707,0.36544404116,-0.751698907752,1.11749448516,-1.13234958093,1.66124525397,1.53092645947,0.806575834954,-3.88219456792,-0.356470795863,10.11,100
-0.48772236467,1.01599907073,-0.27259856707,0.36544404116,0.530493900742,1.11749448516,-1.07791981455,1.66124525397,1.53092645947,0.806575834954,-3.52640113921,1.20085993741,21.22,100
-0.48772236467,1.01599907073,-0.27259856707,0.36544404116,-2.36013855307,1.11749448516,-1.06537006928,1.66124525397,1.53092645947,0.806575834954,-3.59503802253,3.04414518877,34.37,100
-0.48772236467,1.01599907073,-0.27259856707,0.36544404116,-1.60934343077,1.11749448516,-1.04849446486,1.66124525397,1.53092645947,0.806575834954,-1.59755121688,1.04106182437,20.08,100
-0.48772236467,1.01599907073,-0.27259856707,1.19472372721,-2.51542634877,1.11749448516,-1.01578906811,1.66124525397,1.53092645947,0.806575834954,-2.9428779874,3.40999876337,36.98,100
-0.48772236467,1.01599907073,-0.27259856707,1.07378710632,0.212795015971,1.11749448516,-0.931886415124,1.66124525397,1.53092645947,0.806575834954,-3.6119231344,2.29842066123,29.05,100
-0.48772236467,1.01599907073,-0.27259856707,1.07378710632,0.708576235255,0.790337223881,-0.939112026033,1.66124525397,1.53092645947,0.806575834954,-3.67420068988,1.84145412743,25.79,100
-0.48772236467,1.01599907073,-0.27259856707,1.07378710632,-1.39706928803,0.729884251688,-1.0208755179,1.66124525397,1.53092645947,0.806575834954,-2.51428121919,1.9606018433,26.64,100
-0.48772236467,1.01599907073,-0.27259856707,1.07378710632,-0.466767172531,1.11749448516,-0.947145764478,1.66124525397,1.53092645947,0.806575834954,-3.73033820467,1.11675566739,20.62,100
-0.48772236467,1.01599907073,-0.27259856707,1.41068197878,0.768411899652,0.281821046024,-0.951233939071,1.66124525397,1.53092645947,0.806575834954,-3.37947873721,1.41392408814,22.74,100
-0.48772236467,1.01599907073,-0.27259856707,1.41068197878,0.180027866421,1.11749448516,-0.920382481966,1.66124525397,1.53092645947,0.806575834954,-0.415812673065,0.331782480499,15.02,100
-0.48772236467,1.01599907073,-0.27259856707,1.41068197878,-0.396958897402,0.950359797332,-0.912919186488,1.66124525397,1.53092645947,0.806575834954,-0.402326512285,0.427100653193,15.7,100
-0.48772236467,1.01599907073,-0.27259856707,0.512295652231,-0.906986703447,0.676543393871,-0.87650591046,1.66124525397,1.53092645947,0.806575834954,-0.714043220401,0.202822599796,14.1,010
-0.48772236467,1.01599907073,-0.27259856707,0.512295652231,-0.25876700582,0.587641964176,-0.842944849264,1.66124525397,1.53092645947,0.806575834954,-3.88307171659,1.491019669,23.29,100
-0.48772236467,1.01599907073,-0.27259856707,0.253145750341,-1.02523337356,0.0720136719436,-0.823121956179,1.66124525397,1.53092645947,0.806575834954,-3.87068199165,0.631754376918,17.16,100
-0.48772236467,1.01599907073,-0.27259856707,1.07378710632,-0.553671351773,0.95391585452,-0.896281266632,1.66124525397,1.53092645947,0.806575834954,-3.82649562747,1.64521083071,24.39,100
-0.48772236467,1.01599907073,-0.27259856707,0.253145750341,-0.637726213664,-0.315596561528,-0.854448782422,1.66124525397,1.53092645947,0.806575834954,-3.64043046613,0.425698915359,15.69,100
-0.48772236467,1.01599907073,-0.27259856707,1.07378710632,-0.117725796885,0.360054304156,-0.918481005411,1.66124525397,1.53092645947,0.806575834954,-3.70435267536,0.261695588813,14.52,100
-0.48772236467,1.01599907073,-0.27259856707,1.07378710632,-0.13054772497,0.338717961029,-0.883921669024,1.66124525397,1.53092645947,0.806575834954,-2.85011951569,1.24291207243,21.52,100
-0.48772236467,1.01599907073,-0.27259856707,1.07378710632,0.135863447461,0.961027968896,-0.868424635101,1.66124525397,1.53092645947,0.806575834954,-3.24494606016,1.60175695786,24.08,100
-0.48772236467,1.01599907073,-0.27259856707,0.253145750341,0.090274369826,0.623202536054,-0.828255942877,1.66124525397,1.53092645947,0.806575834954,-2.99572619469,0.699037792937,17.64,100
-0.48772236467,1.01599907073,-0.27259856707,0.253145750341,0.781233827737,0.914799225454,-0.811380338452,1.66124525397,1.53092645947,0.806575834954,-3.01897063441,0.986394048852,19.69,100
-0.48772236467,1.01599907073,-0.27259856707,0.253145750341,0.199973087886,0.221368073832,-0.758043921084,1.66124525397,1.53092645947,0.806575834954,-2.8367429985,-0.0873371317867,12.03,100
-0.48772236467,1.01599907073,-0.27259856707,1.36749032847,0.215644333323,0.687211565435,-0.703186322473,1.66124525397,1.53092645947,0.806575834954,-2.81218283577,0.499991020547,16.22,100
-0.48772236467,1.01599907073,-0.27259856707,1.36749032847,-0.109177844829,0.939691625769,-0.747680873859,1.66124525397,1.53092645947,0.806575834954,-2.8073585181,0.352808548005,15.17,100
-0.48772236467,1.01599907073,-0.27259856707,1.60072524017,0.490603457811,0.925467397018,-0.794029364887,1.66124525397,1.53092645947,0.806575834954,-2.70626713404,1.48821619333,23.27,100
-0.48772236467,1.01599907073,-0.27259856707,1.60072524017,0.251260800226,0.879238653576,-0.852071936728,1.66124525397,1.53092645947,0.806575834954,-3.6092916884,0.75650904412,18.05,100
-0.48772236467,1.01599907073,-0.27259856707,1.60072524017,-0.188958730691,1.11749448516,-0.894094568594,1.66124525397,1.53092645947,0.806575834954,-3.80851407976,1.93396882446,26.45,100
-0.48772236467,1.01599907073,-0.27259856707,1.60072524017,-0.498109663405,0.687211565435,-0.93858911998,1.66124525397,1.53092645947,0.806575834954,-3.15470939088,2.99508436459,34.02,100
-0.48772236467,1.01599907073,-0.27259856707,1.60072524017,-0.936904535646,0.900574996703,-0.940205375052,1.66124525397,1.53092645947,0.806575834954,0.441051932607,1.43354841781,22.88,100
-0.48772236467,1.01599907073,-0.27259856707,1.60072524017,-0.66479472851,0.847234138886,-0.916912287253,1.66124525397,1.53092645947,0.806575834954,0.381296179556,1.32561460462,22.11,100
-0.48772236467,1.01599907073,-0.27259856707,1.60072524017,0.17290457304,1.0179248839,-0.822361365557,1.66124525397,1.53092645947,0.806575834954,0.321101852171,0.962564505679,19.52,100
-0.48772236467,1.01599907073,-0.27259856707,1.60072524017,-0.0935065993915,1.11749448516,-0.851026124623,1.66124525397,1.53092645947,0.806575834954,0.427785058994,0.551855320395,16.59,100
-0.48772236467,1.01599907073,-0.27259856707,1.60072524017,0.285452608452,1.11749448516,-0.863575869886,1.66124525397,1.53092645947,0.806575834954,0.329544408107,0.868648070819,18.85,100
-0.48772236467,1.01599907073,-0.27259856707,1.60072524017,-0.61350701617,0.996588540774,-0.902936434574,1.66124525397,1.53092645947,0.806575834954,-1.27355442741,1.56110656068,23.79,100
-0.48772236467,1.01599907073,-0.27259856707,1.60072524017,0.248411482874,0.932579511393,-0.859059863068,1.66124525397,1.53092645947,0.806575834954,-3.43857662876,1.58773957952,23.98,100
-0.48772236467,1.01599907073,-0.27259856707,1.60072524017,0.0803017590932,0.989476426398,-0.819081318499,1.66124525397,1.53092645947,0.806575834954,-0.42392629825,0.720063860443,17.79,100
-0.48772236467,1.01599907073,-0.27259856707,1.60072524017,-0.0479175217562,0.996588540774,-0.759184807017,1.66124525397,1.53092645947,0.806575834954,0.349170609568,0.530829252889,16.44,100
-0.48772236467,1.01599907073,-0.27259856707,1.36749032847,-0.141944994379,1.07126574172,-0.728951329793,1.66124525397,1.53092645947,0.806575834954,0.441051932607,0.76772294679,18.13,100
-0.48772236467,1.01599907073,-0.27259856707,1.36749032847,0.188575818477,1.05704151297,-0.765364605821,1.66124525397,1.53092645947,0.806575834954,-0.57523444359,0.93312801117,19.31,100
-0.48772236467,1.01599907073,-0.27259856707,1.36749032847,0.661562498944,0.854346253262,-0.69947844319,1.66124525397,1.53092645947,0.806575834954,-3.90719330498,0.671003036262,17.44,100
-0.48772236467,1.01599907073,-0.27259856707,1.36749032847,0.52764458339,1.05348545578,-0.684456778406,1.66124525397,1.53092645947,0.806575834954,-0.0151750186664,0.711653433441,17.73,100
-0.48772236467,1.01599907073,-0.27259856707,1.36749032847,0.0176167773446,0.825897795759,-0.678276979602,1.66124525397,1.53092645947,0.806575834954,0.3115628604,0.647173493089,17.27,100
-0.48772236467,1.01599907073,-0.27259856707,1.36749032847,1.57904268636,1.09260208484,-0.638108287378,1.66124525397,1.53092645947,0.806575834954,0.21047147634,0.572881387901,16.74,100
-0.48772236467,1.01599907073,-0.27259856707,1.36749032847,0.631644666746,0.907687111079,-0.617477266756,1.66124525397,1.53092645947,0.806575834954,-3.83745998582,0.849023741146,18.71,100
-0.48772236467,1.01599907073,-0.27259856707,1.36749032847,0.342438955497,0.637426764805,-0.646142025823,1.66124525397,1.53092645947,0.806575834954,-3.35239677207,0.76772294679,18.13,100
-0.48772236467,1.01599907073,-0.27259856707,1.36749032847,-0.439698657685,0.687211565435,-0.577308574532,1.66124525397,1.53092645947,0.806575834954,-3.79579542406,0.891075876158,19.01,100
-0.48772236467,1.01599907073,-0.27259856707,1.36749032847,-0.496685004729,0.416951219161,-0.482900263577,1.66124525397,1.53092645947,0.806575834954,-3.8723266454,0.600916144576,16.94,100
-0.48772236467,1.01599907073,-0.27259856707,1.36749032847,0.023315412049,0.537857163547,-0.481046323936,1.66124525397,1.53092645947,0.806575834954,-0.926093911043,0.501392758381,16.23,100
-0.48772236467,1.01599907073,-0.27259856707,1.36749032847,-0.290109496694,0.562749563861,-0.512230539438,1.66124525397,1.53092645947,0.806575834954,0.441051932607,0.28692686982,14.7,010
-0.48772236467,1.01599907073,-0.27259856707,1.36749032847,0.593178882491,0.761888766379,-0.569274836088,1.66124525397,1.53092645947,0.806575834954,-1.11226871596,0.528025777222,16.42,100
-0.48772236467,1.01599907073,-0.27259856707,1.36749032847,0.130164812757,0.704991851374,-0.583726057905,1.66124525397,1.53092645947,0.806575834954,0.381076892389,0.279918180651,14.65,100
-0.48772236467,1.01599907073,-0.27259856707,1.36749032847,0.0461099508667,0.512964763232,-0.504196800993,1.66124525397,1.53092645947,0.806575834954,0.441051932607,0.187403483625,13.99,010
-0.48772236467,1.01599907073,-0.27259856707,1.36749032847,0.325343051383,0.758332709191,-0.472251994869,1.66124525397,1.53092645947,0.806575834954,0.407281708865,-0.331239514856,10.29,010
-0.48772236467,1.01599907073,-0.27259856707,0.866467184813,-0.107753186153,-0.112901301822,-0.39533726822,1.66124525397,1.53092645947,0.806575834954,0.441051932607,0.0794696704274,13.22,010
-0.48772236467,1.01599907073,-0.27259856707,0.866467184813,-0.7488495904,-0.724543138126,-0.346326710015,1.66124525397,1.53092645947,0.806575834954,-0.244220464764,0.207027813297,14.13,010
-0.48772236467,1.01599907073,-0.27259856707,0.866467184813,-0.473890465912,0.573417735425,-0.439023692071,1.66124525397,1.53092645947,0.806575834954,-3.6693763722,0.630352639084,17.15,010
-0.48772236467,1.01599907073,-0.27259856707,0.253145750341,-0.40123287343,0.92191133983,-0.596465950824,1.66124525397,1.53092645947,0.806575834954,-0.278319619257,1.21487731575,21.32,010
-0.48772236467,1.01599907073,-0.27259856707,0.21859243009,-0.51093159149,0.0862379006949,-0.421482570851,1.66124525397,1.53092645947,0.806575834954,0.132295601248,0.76772294679,18.13,010
-0.48772236467,1.01599907073,-0.27259856707,0.21859243009,-0.814383889501,-0.422278277162,-0.461746336903,1.66124525397,1.53092645947,0.806575834954,0.441051932607,0.295337296822,14.76,010
-0.48772236467,1.01599907073,-0.27259856707,0.21859243009,-0.167588850549,0.54852533511,-0.362061428508,1.66124525397,1.53092645947,0.806575834954,0.441051932607,0.509803185383,16.29,010
-0.48772236467,1.01599907073,-0.27259856707,-0.196047412933,-0.0792600126305,0.786781166693,-0.330734602264,1.66124525397,1.53092645947,0.806575834954,0.423837889985,0.0304088462468,12.87,010
-0.48772236467,1.01599907073,-0.27259856707,0.21859243009,0.217068991999,0.228480188207,-0.427139463602,1.66124525397,1.53092645947,0.806575834954,0.402347747604,0.239267783473,14.36,010
-0.48772236467,1.01599907073,-0.27259856707,0.512295652231,0.990658653124,-0.0346680436906,-0.599983682451,1.66124525397,1.53092645947,0.806575834954,0.197423889894,-0.139201431635,11.66,001
-0.48772236467,1.01599907073,-0.27259856707,0.253145750341,-1.22183627087,0.95391585452,-0.648994240655,1.66124525397,1.53092645947,0.806575834954,-0.0448884298164,0.769124684624,18.14,100
-0.48772236467,1.01599907073,-0.27259856707,0.253145750341,-0.17471214393,1.02503699828,-0.755381853907,1.66124525397,1.53092645947,0.806575834954,-0.591132763209,1.60456043353,24.1,100
-0.48772236467,1.01599907073,-0.27259856707,0.512295652231,0.284027949776,0.88990682514,-0.708177698429,1.66124525397,1.53092645947,0.806575834954,0.43348652534,0.844818527645,18.68,100
-0.48772236467,1.01599907073,-0.27259856707,0.512295652231,-1.39706928803,1.02148094109,-0.805438224217,1.66124525397,1.53092645947,0.806575834954,-0.078877940726,1.71810119806,24.91,100
-0.48772236467,1.01599907073,-0.27259856707,0.512295652231,-0.141944994379,1.00014459796,-0.772257458333,1.66124525397,1.53092645947,0.806575834954,0.252464968851,0.753705568453,18.03,100
-0.48772236467,1.01599907073,-0.27259856707,0.512295652231,-0.0792600126305,0.690767622622,-0.87650591046,1.66124525397,1.53092645947,0.806575834954,0.292155946106,0.0640505542564,13.11,010
-0.48772236467,1.01599907073,-0.27259856707,-0.196047412933,-0.0607394498411,-0.137793702137,-0.176287169085,1.66124525397,1.53092645947,0.806575834954,0.441051932607,-0.268161312338,10.74,010
-0.48772236467,1.01599907073,-0.27259856707,-0.196047412933,0.66298715762,0.224924131019,-0.220258814419,1.66124525397,1.53092645947,0.806575834954,0.399058440096,-0.688682662458,7.74,010
-0.48772236467,1.01599907073,-0.27259856707,-0.196047412933,1.10605600589,0.299601331963,-0.182752189372,1.66124525397,1.53092645947,0.806575834954,0.423289672067,-0.79100952432,7.01,001
-0.48772236467,1.01599907073,-0.27259856707,-0.196047412933,-0.744575614371,-1.00547165596,0.144159167345,1.66124525397,1.53092645947,0.806575834954,0.397413786342,-0.313016923018,10.42,010
-0.48772236467,1.01599907073,-0.27259856707,0.244507420279,-0.589287818676,-0.948574740958,-0.0337715012886,1.66124525397,1.53092645947,0.806575834954,0.15411467438,0.0962905244322,13.34,010
-0.48772236467,1.01599907073,-0.27259856707,0.244507420279,0.0389866574862,-0.592969022177,0.0934848171541,1.66124525397,1.53092645947,0.806575834954,0.350267045403,-0.290589117678,10.58,010
-0.48772236467,1.01599907073,-0.27259856707,0.244507420279,-0.243095760383,0.399170933222,-0.1184347449,1.66124525397,1.53092645947,0.806575834954,0.394782340337,0.326175529164,14.98,010
-0.48772236467,1.01599907073,-0.27259856707,0.244507420279,-0.540849423688,-0.546740278735,-0.30554003791,1.66124525397,1.53092645947,0.806575834954,0.34588130206,-0.168637926143,11.45,010
-0.48772236467,2.42256516393,-0.27259856707,0.469104001916,-1.18337048661,0.857902310449,-0.938446509239,-0.637961798844,1.79819418942,0.760339585663,0.421206443979,0.757910781954,18.06,100
-0.48772236467,2.42256516393,-0.27259856707,0.469104001916,-1.24035683366,1.05704151297,-0.969583187827,-0.637961798844,1.79819418942,0.760339585663,-0.13841440661,1.58633784169,23.97,100
-0.48772236467,2.42256516393,-0.27259856707,0.469104001916,-1.69767226869,1.0463733414,-0.937638381703,-0.637961798844,1.79819418942,0.760339585663,-0.41932126774,2.38673014475,29.68,100
-0.48772236467,2.42256516393,-0.27259856707,0.469104001916,-0.429726046952,1.07482179891,-0.91600908589,-0.637961798844,1.79819418942,0.760339585663,0.366603939357,0.759312519788,18.07,100
-0.48772236467,2.42256516393,-0.27259856707,0.469104001916,-0.429726046952,0.530745049171,-0.801064828141,-0.637961798844,1.79819418942,0.760339585663,0.441051932607,0.0976922622659,13.35,010
-0.48772236467,-0.211098527187,-0.27259856707,0.261784080404,-0.822931841557,-0.518291821233,-0.671859496229,-0.408041093563,-0.102376334679,0.344213342049,0.441051932607,-0.0901406074542,12.01,010
-0.48772236467,-0.211098527187,-0.27259856707,0.261784080404,-0.51093159149,-0.923682340643,-0.671859496229,-0.408041093563,-0.102376334679,0.344213342049,0.441051932607,0.131333970276,13.59,001
-0.48772236467,-0.211098527187,-0.27259856707,0.261784080404,-0.875644212573,-1.41441823256,-0.473678102285,-0.408041093563,-0.102376334679,0.344213342049,0.401470598935,0.693430841602,17.6,010
-0.48772236467,-0.211098527187,-0.27259856707,0.261784080404,-1.27454864188,0.153802987263,-0.473678102285,-0.408041093563,-0.102376334679,0.344213342049,0.441051932607,1.18964603474,21.14,010
-0.48772236467,-0.211098527187,-0.27259856707,0.261784080404,-0.698986536736,0.0720136719436,-0.428945866329,-0.408041093563,-0.102376334679,0.344213342049,0.441051932607,0.202822599796,14.1,100
-0.48772236467,-0.211098527187,-0.27259856707,0.261784080404,-0.378438334612,-0.11645735901,-0.658834381828,-0.408041093563,-0.102376334679,0.344213342049,0.441051932607,0.0374175354155,12.92,010
-0.48772236467,-0.211098527187,-0.27259856707,0.261784080404,-1.01953473886,0.17513933039,-0.663207777904,-0.408041093563,-0.102376334679,0.344213342049,0.428662207663,0.342996383169,15.1,100
-0.48772236467,-0.211098527187,-0.27259856707,0.261784080404,-0.367041065204,0.395614876034,-0.616478991565,-0.408041093563,-0.102376334679,0.344213342049,0.441051932607,0.235062569972,14.33,100
-0.48772236467,0.115738407334,-0.27259856707,0.158124119649,0.439315745472,0.0186728141265,-0.625796226685,-0.982842856767,-0.803211715441,1.17646582928,0.38721693307,-0.418147260547,9.67,010
-0.48772236467,0.115738407334,-0.27259856707,0.158124119649,-0.234547808326,0.2889331604,-0.716639269099,-0.982842856767,-0.803211715441,1.17646582928,0.441051932607,-0.500849792738,9.08,010
-0.48772236467,0.115738407334,-0.27259856707,0.158124119649,0.98496001842,0.797449338257,-0.773683565749,-0.982842856767,-0.803211715441,1.17646582928,0.441051932607,-0.983047607542,5.64,001
-0.48772236467,0.115738407334,-0.27259856707,0.158124119649,0.725672139369,0.736996366064,-0.66843683843,-0.982842856767,-0.803211715441,1.17646582928,0.403224896272,-0.865301629508,6.48,010
-0.48772236467,0.115738407334,-0.27259856707,0.158124119649,-0.362767089175,0.4347315051,-0.613246481422,-0.982842856767,-0.803211715441,1.17646582928,0.441051932607,-0.669058332786,7.88,100
